0.000000000000000,0.002329736948013306
0.007002801120448180,0.01122979167848825
0.01400560224089636,0.02739227190613747
0.02100840336134454,0.04852849990129471
0.02801120448179272,0.07124484330415726
0.03501400560224090,0.09291957318782806
0.04201680672268908,0.1126852780580521
0.04901960784313725,0.1298666298389435
0.05602240896358544,0.1447167694568634
0.06302521008403361,0.1573847681283951
0.07002801120448179,0.1685988754034042
0.07703081232492998,0.1792096644639969
0.08403361344537816,0.1895710527896881
0.09103641456582634,0.1998967379331589
0.09803921568627451,0.2102766335010529
0.1050420168067227,0.2207992672920227
0.1120448179271709,0.2313778400421143
0.1190476190476191,0.2420312017202377
0.1260504201680672,0.2526129484176636
0.1330532212885154,0.2632308304309845
0.1400560224089636,0.2738740742206573
0.1470588235294118,0.2844821214675903
0.1540616246498600,0.2951548397541046
0.1610644257703081,0.3058422803878784
0.1680672268907563,0.3167333900928497
0.1750700280112045,0.3278601169586182
0.1820728291316527,0.3392919600009918
0.1890756302521008,0.3510687947273254
0.1960784313725490,0.3631700575351715
0.2030812324929972,0.3755638301372528
0.2100840336134454,0.3881570398807526
0.2170868347338936,0.4008383750915527
0.2240896358543417,0.4135161042213440
0.2310924369747899,0.4260957837104797
0.2380952380952381,0.4384671747684479
0.2450980392156863,0.4505690336227417
0.2521008403361344,0.4623859226703644
0.2591036414565827,0.4739090502262115
0.2661064425770308,0.4851423501968384
0.2731092436974790,0.4960832297801971
0.2801120448179272,0.5067406296730042
0.2871148459383754,0.5171272754669189
0.2941176470588235,0.5272600650787354
0.3011204481792717,0.5371444225311279
0.3081232492997199,0.5467898249626160
0.3151260504201681,0.5562085509300232
0.3221288515406163,0.5654075145721436
0.3291316526610644,0.5743886828422546
0.3361344537815126,0.5831535458564758
0.3431372549019608,0.5917056202888489
0.3501400560224090,0.6000564098358154
0.3571428571428572,0.6082128882408142
0.3641456582633054,0.6161751747131348
0.3711484593837535,0.6239572763442993
0.3781512605042017,0.6315732002258301
0.3851540616246499,0.6390202641487122
0.3921568627450980,0.6463043689727783
0.3991596638655462,0.6534259915351868
0.4061624649859944,0.6603940129280090
0.4131652661064426,0.6672090888023376
0.4201680672268908,0.6738659143447876
0.4271708683473390,0.6803757548332214
0.4341736694677871,0.6867403984069824
0.4411764705882353,0.6929657459259033
0.4481792717086835,0.6990455389022827
0.4551820728291316,0.7049775123596191
0.4621848739495799,0.7107703089714050
0.4691876750700280,0.7164265513420105
0.4761904761904762,0.7219526171684265
0.4831932773109244,0.7273488044738770
0.4901960784313726,0.7326173782348633
0.4971988795518207,0.7377666234970093
0.5042016806722689,0.7427930235862732
0.5112044817927172,0.7476975321769714
0.5182072829131653,0.7524889111518860
0.5252100840336135,0.7571686506271362
0.5322128851540616,0.7617385983467102
0.5392156862745098,0.7661980390548706
0.5462184873949580,0.7705521583557129
0.5532212885154062,0.7748082280158997
0.5602240896358543,0.7789659500122070
0.5672268907563025,0.7830247879028320
0.5742296918767508,0.7869864106178284
0.5812324929971989,0.7908570766448975
0.5882352941176471,0.7946417331695557
0.5952380952380952,0.7983381152153015
0.6022408963585434,0.8019472956657410
0.6092436974789917,0.8054741024971008
0.6162464985994398,0.8089221715927124
0.6232492997198880,0.8122916221618652
0.6302521008403361,0.8155825734138489
0.6372549019607844,0.8188000321388245
0.6442577030812325,0.8219451308250427
0.6512605042016807,0.8250192999839783
0.6582633053221288,0.8280253410339355
0.6652661064425771,0.8309648633003235
0.6722689075630253,0.8338399529457092
0.6792717086834734,0.8366508483886719
0.6862745098039216,0.8393962383270264
0.6932773109243697,0.8420796990394592
0.7002801120448180,0.8447052240371704
0.7072829131652661,0.8472752571105957
0.7142857142857143,0.8497900366783142
0.7212885154061625,0.8522476553916931
0.7282913165266107,0.8546523451805115
0.7352941176470589,0.8570066690444946
0.7422969187675070,0.8593109846115112
0.7492997198879552,0.8615660071372986
0.7563025210084033,0.8637721538543701
0.7633053221288516,0.8659313321113586
0.7703081232492998,0.8680441379547119
0.7773109243697479,0.8701126575469971
0.7843137254901961,0.8721389770507812
0.7913165266106443,0.8741233944892883
0.7983193277310925,0.8760666251182556
0.8053221288515406,0.8779690861701965
0.8123249299719888,0.8798316121101379
0.8193277310924371,0.8816561698913574
0.8263305322128852,0.8834444284439087
0.8333333333333334,0.8851972222328186
0.8403361344537815,0.8869144320487976
0.8473389355742297,0.8885958790779114
0.8543417366946779,0.8902431726455688
0.8613445378151261,0.8918572068214417
0.8683473389355743,0.8934389948844910
0.8753501400560224,0.8949904441833496
0.8823529411764707,0.8965117335319519
0.8893557422969188,0.8980029225349426
0.8963585434173670,0.8994646072387695
0.9033613445378151,0.9008980989456177
0.9103641456582633,0.9023042917251587
0.9173669467787116,0.9036839604377747
0.9243697478991597,0.9050372838973999
0.9313725490196079,0.9063645005226135
0.9383753501400560,0.9076662659645081
0.9453781512605043,0.9089437127113342
0.9523809523809524,0.9101970195770264
0.9593837535014006,0.9114268422126770
0.9663865546218487,0.9126343131065369
0.9733893557422969,0.9138196110725403
0.9803921568627452,0.9149826765060425
0.9873949579831933,0.9161240458488464
0.9943977591036415,0.9172449707984924
1.001400560224090,0.9183462262153625
1.008403361344538,0.9194276928901672
1.015406162464986,0.9204890131950378
1.022408963585434,0.9215309619903564
1.029411764705882,0.9225546717643738
1.036414565826331,0.9235602617263794
1.043417366946779,0.9245478510856628
1.050420168067227,0.9255182147026062
1.057422969187675,0.9264717698097229
1.064425770308123,0.9274089932441711
1.071428571428571,0.9283301234245300
1.078431372549020,0.9292352199554443
1.085434173669468,0.9301251173019409
1.092436974789916,0.9309999942779541
1.099439775910364,0.9318597912788391
1.106442577030812,0.9327046871185303
1.113445378151261,0.9335355758666992
1.120448179271709,0.9343530535697937
1.127450980392157,0.9351569414138794
1.134453781512605,0.9359472990036011
1.141456582633053,0.9367246031761169
1.148459383753502,0.9374891519546509
1.155462184873950,0.9382413029670715
1.162464985994398,0.9389811754226685
1.169467787114846,0.9397092461585999
1.176470588235294,0.9404258131980896
1.183473389355742,0.9411307573318481
1.190476190476190,0.9418242573738098
1.197478991596639,0.9425066113471985
1.204481792717087,0.9431784749031067
1.211484593837535,0.9438400864601135
1.218487394957983,0.9444912075996399
1.225490196078431,0.9451321959495544
1.232492997198880,0.9457633495330811
1.239495798319328,0.9463847875595093
1.246498599439776,0.9469967484474182
1.253501400560224,0.9475992321968079
1.260504201680672,0.9481925368309021
1.267507002801121,0.9487769007682800
1.274509803921569,0.9493524432182312
1.281512605042017,0.9499194025993347
1.288515406162465,0.9504779577255249
1.295518207282913,0.9510284066200256
1.302521008403361,0.9515708088874817
1.309523809523810,0.9521051645278931
1.316526610644258,0.9526316523551941
1.323529411764706,0.9531504511833191
1.330532212885154,0.9536619186401367
1.337535014005602,0.9541659951210022
1.344537815126051,0.9546627998352051
1.351540616246499,0.9551525115966797
1.358543417366947,0.9556352496147156
1.365546218487395,0.9561111330986023
1.372549019607843,0.9565802812576294
1.379551820728291,0.9570427536964417
1.386554621848739,0.9574987888336182
1.393557422969188,0.9579485058784485
1.400560224089636,0.9583920240402222
1.407563025210084,0.9588295817375183
1.414565826330532,0.9592611193656921
1.421568627450980,0.9596868157386780
1.428571428571429,0.9601066708564758
1.435574229691877,0.9605208635330200
1.442577030812325,0.9609295725822449
1.449579831932773,0.9613328576087952
1.456582633053221,0.9617307186126709
1.463585434173670,0.9621231555938721
1.470588235294118,0.9625104665756226
1.477591036414566,0.9628927707672119
1.484593837535014,0.9632700681686401
1.491596638655462,0.9636424183845520
1.498599439775910,0.9640099406242371
1.505602240896359,0.9643727540969849
1.512605042016807,0.9647309184074402
1.519607843137255,0.9650844335556030
1.526610644257703,0.9654335379600525
1.533613445378151,0.9657781720161438
1.540616246498600,0.9661183953285217
1.547619047619048,0.9664543867111206
1.554621848739496,0.9667860865592957
1.561624649859944,0.9671137332916260
1.568627450980392,0.9674373865127563
1.575630252100840,0.9677570462226868
1.582633053221289,0.9680727124214172
1.589635854341737,0.9683845043182373
1.596638655462185,0.9686924815177917
1.603641456582633,0.9689967632293701
1.610644257703081,0.9692972898483276
1.617647058823529,0.9695942401885986
1.624649859943978,0.9698876142501831
1.631652661064426,0.9701774716377258
1.638655462184874,0.9704638719558716
1.645658263305322,0.9707469344139099
1.652661064425770,0.9710267186164856
1.659663865546219,0.9713032245635986
1.666666666666667,0.9715764522552490
1.673669467787115,0.9718465209007263
1.680672268907563,0.9721134901046753
1.687675070028011,0.9723774194717407
1.694677871148459,0.9726383090019226
1.701680672268908,0.9728962182998657
1.708683473389356,0.9731512069702148
1.715686274509804,0.9734032154083252
1.722689075630252,0.9736524224281311
1.729691876750700,0.9738988280296326
1.736694677871149,0.9741424918174744
1.743697478991597,0.9743834733963013
1.750700280112045,0.9746217727661133
1.757703081232493,0.9748574495315552
1.764705882352941,0.9750905036926270
1.771708683473390,0.9753210544586182
1.778711484593838,0.9755491018295288
1.785714285714286,0.9757746458053589
1.792717086834734,0.9759977459907532
1.799719887955182,0.9762184023857117
1.806722689075630,0.9764367341995239
1.813725490196078,0.9766527414321899
1.820728291316527,0.9768664240837097
1.827731092436975,0.9770779013633728
1.834733893557423,0.9772871136665344
1.841736694677871,0.9774941205978394
1.848739495798319,0.9776989817619324
1.855742296918768,0.9779017567634583
1.862745098039216,0.9781025052070618
1.869747899159664,0.9783011674880981
1.876750700280112,0.9784977436065674
1.883753501400560,0.9786922931671143
1.890756302521009,0.9788848757743835
1.897759103641457,0.9790755510330200
1.904761904761905,0.9792642593383789
1.911764705882353,0.9794511198997498
1.918767507002801,0.9796361327171326
1.925770308123249,0.9798192977905273
1.932773109243697,0.9800006747245789
1.939775910364146,0.9801802039146423
1.946778711484594,0.9803580045700073
1.953781512605042,0.9805341362953186
1.960784313725490,0.9807085394859314
1.967787114845938,0.9808812141418457
1.974789915966387,0.9810522198677063
1.981792717086835,0.9812216162681580
1.988795518207283,0.9813894033432007
1.995798319327731,0.9815556406974792
2.002801120448179,0.9817203283309937
2.009803921568627,0.9818834662437439
2.016806722689076,0.9820451140403748
2.023809523809524,0.9822052121162415
2.030812324929972,0.9823638796806335
2.037815126050420,0.9825210571289062
2.044817927170869,0.9826768040657043
2.051820728291317,0.9828311204910278
2.058823529411765,0.9829840660095215
2.065826330532213,0.9831357002258301
2.072829131652661,0.9832859635353088
2.079831932773109,0.9834349155426025
2.086834733893558,0.9835825562477112
2.093837535014006,0.9837289452552795
2.100840336134454,0.9838740825653076
2.107843137254902,0.9840179085731506
2.114845938375350,0.9841605424880981
2.121848739495798,0.9843018651008606
2.128851540616246,0.9844421148300171
2.135854341736695,0.9845811128616333
2.142857142857143,0.9847189188003540
2.149859943977591,0.9848557114601135
2.156862745098039,0.9849912524223328
2.163865546218488,0.9851257801055908
2.170868347338936,0.9852591156959534
2.177871148459384,0.9853914380073547
2.184873949579832,0.9855227470397949
2.191876750700280,0.9856529235839844
2.198879551820728,0.9857821464538574
2.205882352941177,0.9859102964401245
2.212885154061625,0.9860375523567200
2.219887955182073,0.9861638545989990
2.226890756302521,0.9862890839576721
2.233893557422969,0.9864134788513184
2.240896358543417,0.9865368008613586
2.247899159663866,0.9866594076156616
2.254901960784314,0.9867810010910034
2.261904761904762,0.9869017004966736
2.268907563025210,0.9870216846466064
2.275910364145658,0.9871406555175781
2.282913165266106,0.9872588515281677
2.289915966386555,0.9873762130737305
2.296918767507003,0.9874927401542664
2.303921568627451,0.9876086115837097
2.310924369747899,0.9877235889434814
2.317927170868348,0.9878379106521606
2.324929971988796,0.9879513978958130
2.331932773109244,0.9880642294883728
2.338935574229692,0.9881763458251953
2.345938375350140,0.9882876873016357
2.352941176470588,0.9883984923362732
2.359943977591036,0.9885085821151733
2.366946778711485,0.9886180758476257
2.373949579831933,0.9887268543243408
2.380952380952381,0.9888350367546082
2.387955182072829,0.9889428019523621
2.394957983193277,0.9890498518943787
2.401960784313725,0.9891563653945923
2.408963585434174,0.9892622232437134
2.415966386554622,0.9893676638603210
2.422969187675070,0.9894726276397705
2.429971988795518,0.9895769953727722
2.436974789915967,0.9896809458732605
2.443977591036415,0.9897843599319458
2.450980392156863,0.9898874759674072
2.457983193277311,0.9899901151657104
2.464985994397759,0.9900922775268555
2.471988795518207,0.9901941418647766
2.478991596638656,0.9902954101562500
2.485994397759104,0.9903965592384338
2.492997198879552,0.9904970526695251
2.500000000000000,0.9905968904495239
2.507002801120448,0.9906954169273376
2.514005602240896,0.9907925128936768
2.521008403361344,0.9908887147903442
2.528011204481793,0.9909837245941162
2.535014005602241,0.9910781383514404
2.542016806722689,0.9911715984344482
2.549019607843138,0.9912641644477844
2.556022408963586,0.9913560748100281
2.563025210084034,0.9914472699165344
2.570028011204482,0.9915378689765930
2.577030812324930,0.9916275739669800
2.584033613445378,0.9917164444923401
2.591036414565826,0.9918050169944763
2.598039215686275,0.9918923974037170
2.605042016806723,0.9919793605804443
2.612044817927171,0.9920658469200134
2.619047619047619,0.9921516180038452
2.626050420168067,0.9922367334365845
2.633053221288515,0.9923210144042969
2.640056022408964,0.9924049377441406
2.647058823529412,0.9924881458282471
2.654061624649860,0.9925708770751953
2.661064425770308,0.9926528334617615
2.668067226890757,0.9927343726158142
2.675070028011205,0.9928153753280640
2.682072829131653,0.9928956031799316
2.689075630252101,0.9929754137992859
2.696078431372549,0.9930545091629028
2.703081232492997,0.9931334257125854
2.710084033613446,0.9932116270065308
2.717086834733894,0.9932890534400940
2.724089635854342,0.9933661818504333
2.731092436974790,0.9934427738189697
2.738095238095238,0.9935188889503479
2.745098039215686,0.9935942888259888
2.752100840336134,0.9936691522598267
2.759103641456583,0.9937440156936646
2.766106442577031,0.9938179254531860
2.773109243697479,0.9938914179801941
2.780112044817927,0.9939642548561096
2.787114845938376,0.9940369725227356
2.794117647058824,0.9941092729568481
2.801120448179272,0.9941806793212891
2.808123249299720,0.9942519068717957
2.815126050420168,0.9943223595619202
2.822128851540616,0.9943926930427551
2.829131652661065,0.9944626092910767
2.836134453781513,0.9945318102836609
2.843137254901961,0.9946009516716003
2.850140056022409,0.9946692585945129
2.857142857142857,0.9947372674942017
2.864145658263305,0.9948048591613770
2.871148459383754,0.9948720335960388
2.878151260504202,0.9949390292167664
2.885154061624650,0.9950053095817566
2.892156862745098,0.9950712323188782
2.899159663865546,0.9951367378234863
2.906162464985995,0.9952020049095154
2.913165266106443,0.9952669143676758
2.920168067226891,0.9953312277793884
2.927170868347339,0.9953953623771667
2.934173669467787,0.9954589605331421
2.941176470588236,0.9955223202705383
2.948179271708684,0.9955852627754211
2.955182072829132,0.9956479072570801
2.962184873949580,0.9957101345062256
2.969187675070028,0.9957719445228577
2.976190476190476,0.9958336353302002
2.983193277310924,0.9958946704864502
2.990196078431373,0.9959556460380554
2.997198879551821,0.9960162639617920
3.004201680672269,0.9960764050483704
3.011204481792717,0.9961364269256592
3.018207282913165,0.9961959123611450
3.025210084033613,0.9962553381919861
3.032212885154062,0.9963142871856689
3.039215686274510,0.9963729381561279
3.046218487394958,0.9964314103126526
3.053221288515406,0.9964893460273743
3.060224089635855,0.9965472817420959
3.067226890756303,0.9966047406196594
3.074229691876751,0.9966620206832886
3.081232492997199,0.9967191219329834
3.088235294117647,0.9967756867408752
3.095238095238095,0.9968321919441223
3.102240896358543,0.9968882799148560
3.109243697478992,0.9969442486763000
3.116246498599440,0.9969999194145203
3.123249299719888,0.9970552921295166
3.130252100840336,0.9971106052398682
3.137254901960784,0.9971653819084167
3.144257703081232,0.9972202181816101
3.151260504201681,0.9972746372222900
3.158263305322129,0.9973288178443909
3.165266106442577,0.9973830580711365
3.172268907563025,0.9974367022514343
3.179271708683474,0.9974904060363770
3.186274509803922,0.9975436925888062
3.193277310924370,0.9975968599319458
3.200280112044818,0.9976499676704407
3.207282913165266,0.9977025985717773
3.214285714285714,0.9977553486824036
3.221288515406163,0.9978076815605164
3.228291316526611,0.9978599548339844
3.235294117647059,0.9979120492935181
3.242296918767507,0.9979639053344727
3.249299719887955,0.9980157017707825
3.256302521008403,0.9980671405792236
3.263305322128851,0.9981185793876648
3.270308123249300,0.9981697797775269
3.277310924369748,0.9982208609580994
3.284313725490196,0.9982719421386719
3.291316526610645,0.9983226060867310
3.298319327731093,0.9983733296394348
3.305322128851541,0.9984237551689148
3.312324929971989,0.9984742403030396
3.319327731092437,0.9985244274139404
3.326330532212885,0.9985745549201965
3.333333333333333,0.9986246228218079
3.340336134453782,0.9986744523048401
3.347338935574230,0.9987242817878723
3.354341736694678,0.9987739324569702
3.361344537815126,0.9988234639167786
3.368347338935574,0.9988730549812317
3.375350140056022,0.9989223480224609
3.382352941176471,0.9989717602729797
3.389355742296919,0.9990208745002747
3.396358543417367,0.9990701079368591
3.403361344537815,0.9991191625595093
3.410364145658264,0.9991682171821594
3.417366946778712,0.9992172122001648
3.424369747899160,0.9992660880088806
3.431372549019608,0.9993150234222412
3.438375350140056,0.9993638396263123
3.445378151260504,0.9994127154350281
3.452380952380953,0.9994615316390991
3.459383753501401,0.9995103478431702
3.466386554621849,0.9995591640472412
3.473389355742297,0.9996079802513123
3.480392156862745,0.9996567964553833
3.487394957983193,0.9997056722640991
3.494397759103641,0.9997545480728149
3.501400560224090,0.9998034834861755
3.508403361344538,0.9998524785041809
3.515406162464986,0.9999015331268311
3.522408963585434,0.9999506473541260
3.529411764705883,0.9999998211860657
