0.000000000000000,0.02560425363481045
0.007002801120448180,0.08498710393905640
0.01400560224089636,0.1232057809829712
0.02100840336134454,0.1407731622457504
0.02801120448179272,0.1505412310361862
0.03501400560224090,0.1584429442882538
0.04201680672268908,0.1659869104623795
0.04901960784313725,0.1730505079030991
0.05602240896358544,0.1804842948913574
0.06302521008403361,0.1885783970355988
0.07002801120448179,0.1971373260021210
0.07703081232492998,0.2060678303241730
0.08403361344537816,0.2158038169145584
0.09103641456582634,0.2259550243616104
0.09803921568627451,0.2361388951539993
0.1050420168067227,0.2467229068279266
0.1120448179271709,0.2571562528610229
0.1190476190476191,0.2678620815277100
0.1260504201680672,0.2782014906406403
0.1330532212885154,0.2885596156120300
0.1400560224089636,0.2989032268524170
0.1470588235294118,0.3090172410011292
0.1540616246498600,0.3191483318805695
0.1610644257703081,0.3288225829601288
0.1680672268907563,0.3383621573448181
0.1750700280112045,0.3476533591747284
0.1820728291316527,0.3567989766597748
0.1890756302521008,0.3661651015281677
0.1960784313725490,0.3766100406646729
0.2030812324929972,0.3888494968414307
0.2100840336134454,0.4023422598838806
0.2170868347338936,0.4160467088222504
0.2240896358543417,0.4294756352901459
0.2310924369747899,0.4425201714038849
0.2380952380952381,0.4550872147083282
0.2450980392156863,0.4672301709651947
0.2521008403361344,0.4789785742759705
0.2591036414565827,0.4903568625450134
0.2661064425770308,0.5014045834541321
0.2731092436974790,0.5121403336524963
0.2801120448179272,0.5225800275802612
0.2871148459383754,0.5327355265617371
0.2941176470588235,0.5426369905471802
0.3011204481792717,0.5522884726524353
0.3081232492997199,0.5616886019706726
0.3151260504201681,0.5708578228950500
0.3221288515406163,0.5798071026802063
0.3291316526610644,0.5885320901870728
0.3361344537815126,0.5970351099967957
0.3431372549019608,0.6053265333175659
0.3501400560224090,0.6134163141250610
0.3571428571428572,0.6213026642799377
0.3641456582633054,0.6289920806884766
0.3711484593837535,0.6364975571632385
0.3781512605042017,0.6438267230987549
0.3851540616246499,0.6509816646575928
0.3921568627450980,0.6579755544662476
0.3991596638655462,0.6648119091987610
0.4061624649859944,0.6715020537376404
0.4131652661064426,0.6780532598495483
0.4201680672268908,0.6844604611396790
0.4271708683473390,0.6907264590263367
0.4341736694677871,0.6968547105789185
0.4411764705882353,0.7028521895408630
0.4481792717086835,0.7087082266807556
0.4551820728291316,0.7144207358360291
0.4621848739495799,0.7200013995170593
0.4691876750700280,0.7254523634910583
0.4761904761904762,0.7307764887809753
0.4831932773109244,0.7359763979911804
0.4901960784313726,0.7410555481910706
0.4971988795518207,0.7460172772407532
0.5042016806722689,0.7508593201637268
0.5112044817927172,0.7555849552154541
0.5182072829131653,0.7602010965347290
0.5252100840336135,0.7647083997726440
0.5322128851540616,0.7691110372543335
0.5392156862745098,0.7734091877937317
0.5462184873949580,0.7776045799255371
0.5532212885154062,0.7817050814628601
0.5602240896358543,0.7857121825218201
0.5672268907563025,0.7896225452423096
0.5742296918767508,0.7934378385543823
0.5812324929971989,0.7971662282943726
0.5882352941176471,0.8008125424385071
0.5952380952380952,0.8043731451034546
0.6022408963585434,0.8078501224517822
0.6092436974789917,0.8112496137619019
0.6162464985994398,0.8145724534988403
0.6232492997198880,0.8178187012672424
0.6302521008403361,0.8209903240203857
0.6372549019607844,0.8240908980369568
0.6442577030812325,0.8271209597587585
0.6512605042016807,0.8300833702087402
0.6582633053221288,0.8329816460609436
0.6652661064425771,0.8358157277107239
0.6722689075630253,0.8385875225067139
0.6792717086834734,0.8412988781929016
0.6862745098039216,0.8439468145370483
0.6932773109243697,0.8465341329574585
0.7002801120448180,0.8490663170814514
0.7072829131652661,0.8515454530715942
0.7142857142857143,0.8539710640907288
0.7212885154061625,0.8563418984413147
0.7282913165266107,0.8586632013320923
0.7352941176470589,0.8609359264373779
0.7422969187675070,0.8631598949432373
0.7492997198879552,0.8653372526168823
0.7563025210084033,0.8674674630165100
0.7633053221288516,0.8695516586303711
0.7703081232492998,0.8715915083885193
0.7773109243697479,0.8735894560813904
0.7843137254901961,0.8755467534065247
0.7913165266106443,0.8774635791778564
0.7983193277310925,0.8793417811393738
0.8053221288515406,0.8811808228492737
0.8123249299719888,0.8829805850982666
0.8193277310924371,0.8847441077232361
0.8263305322128852,0.8864728808403015
0.8333333333333334,0.8881671428680420
0.8403361344537815,0.8898270726203918
0.8473389355742297,0.8914534449577332
0.8543417366946779,0.8930471539497375
0.8613445378151261,0.8946083784103394
0.8683473389355743,0.8961391448974609
0.8753501400560224,0.8976407647132874
0.8823529411764707,0.8991126418113708
0.8893557422969188,0.9005556106567383
0.8963585434173670,0.9019705057144165
0.9033613445378151,0.9033582210540771
0.9103641456582633,0.9047194719314575
0.9173669467787116,0.9060558080673218
0.9243697478991597,0.9073670506477356
0.9313725490196079,0.9086525440216064
0.9383753501400560,0.9099137783050537
0.9453781512605043,0.9111517071723938
0.9523809523809524,0.9123659133911133
0.9593837535014006,0.9135574102401733
0.9663865546218487,0.9147278666496277
0.9733893557422969,0.9158771038055420
0.9803921568627452,0.9170046448707581
0.9873949579831933,0.9181116223335266
0.9943977591036415,0.9191991686820984
1.001400560224090,0.9202672243118286
1.008403361344538,0.9213161468505859
1.015406162464986,0.9223458766937256
1.022408963585434,0.9233567714691162
1.029411764705882,0.9243499040603638
1.036414565826331,0.9253259301185608
1.043417366946779,0.9262849092483521
1.050420168067227,0.9272269010543823
1.057422969187675,0.9281527996063232
1.064425770308123,0.9290632009506226
1.071428571428571,0.9299576878547668
1.078431372549020,0.9308365583419800
1.085434173669468,0.9317010045051575
1.092436974789916,0.9325510263442993
1.099439775910364,0.9333863258361816
1.106442577030812,0.9342074394226074
1.113445378151261,0.9350153207778931
1.120448179271709,0.9358099699020386
1.127450980392157,0.9365913867950439
1.134453781512605,0.9373599290847778
1.141456582633053,0.9381155967712402
1.148459383753502,0.9388588666915894
1.155462184873950,0.9395902752876282
1.162464985994398,0.9403101205825806
1.169467787114846,0.9410183429718018
1.176470588235294,0.9417154788970947
1.183473389355742,0.9424016475677490
1.190476190476190,0.9430764913558960
1.197478991596639,0.9437403678894043
1.204481792717087,0.9443942308425903
1.211484593837535,0.9450381994247437
1.218487394957983,0.9456719160079956
1.225490196078431,0.9462959766387939
1.232492997198880,0.9469107985496521
1.239495798319328,0.9475160837173462
1.246498599439776,0.9481121301651001
1.253501400560224,0.9486991763114929
1.260504201680672,0.9492771625518799
1.267507002801121,0.9498462677001953
1.274509803921569,0.9504069685935974
1.281512605042017,0.9509595036506653
1.288515406162465,0.9515038132667542
1.295518207282913,0.9520402550697327
1.302521008403361,0.9525691866874695
1.309523809523810,0.9530901312828064
1.316526610644258,0.9536033272743225
1.323529411764706,0.9541091918945312
1.330532212885154,0.9546079635620117
1.337535014005602,0.9550994038581848
1.344537815126051,0.9555838108062744
1.351540616246499,0.9560616016387939
1.358543417366947,0.9565325379371643
1.365546218487395,0.9569967985153198
1.372549019607843,0.9574546813964844
1.379551820728291,0.9579060077667236
1.386554621848739,0.9583508968353271
1.393557422969188,0.9587897062301636
1.400560224089636,0.9592225551605225
1.407563025210084,0.9596495628356934
1.414565826330532,0.9600707292556763
1.421568627450980,0.9604864120483398
1.428571428571429,0.9608964323997498
1.435574229691877,0.9613008499145508
1.442577030812325,0.9617000222206116
1.449579831932773,0.9620938897132874
1.456582633053221,0.9624823927879333
1.463585434173670,0.9628656506538391
1.470588235294118,0.9632440209388733
1.477591036414566,0.9636175036430359
1.484593837535014,0.9639860391616821
1.491596638655462,0.9643499255180359
1.498599439775910,0.9647091031074524
1.505602240896359,0.9650635719299316
1.512605042016807,0.9654136300086975
1.519607843137255,0.9657591581344604
1.526610644257703,0.9661003351211548
1.533613445378151,0.9664371609687805
1.540616246498600,0.9667698144912720
1.547619047619048,0.9670983552932739
1.554621848739496,0.9674226641654968
1.561624649859944,0.9677430987358093
1.568627450980392,0.9680597186088562
1.575630252100840,0.9683722853660583
1.582633053221289,0.9686809182167053
1.589635854341737,0.9689858555793762
1.596638655462185,0.9692870974540710
1.603641456582633,0.9695847034454346
1.610644257703081,0.9698787927627563
1.617647058823529,0.9701694250106812
1.624649859943978,0.9704564809799194
1.631652661064426,0.9707401394844055
1.638655462184874,0.9710204601287842
1.645658263305322,0.9712974429130554
1.652661064425770,0.9715712070465088
1.659663865546219,0.9718418717384338
1.666666666666667,0.9721093773841858
1.673669467787115,0.9723737239837646
1.680672268907563,0.9726350903511047
1.687675070028011,0.9728935360908508
1.694677871148459,0.9731490015983582
1.701680672268908,0.9734015464782715
1.708683473389356,0.9736512303352356
1.715686274509804,0.9738979935646057
1.722689075630252,0.9741420149803162
1.729691876750700,0.9743833541870117
1.736694677871149,0.9746221303939819
1.743697478991597,0.9748582243919373
1.750700280112045,0.9750916957855225
1.757703081232493,0.9753226637840271
1.764705882352941,0.9755510687828064
1.771708683473390,0.9757769703865051
1.778711484593838,0.9760004878044128
1.785714285714286,0.9762215614318848
1.792717086834734,0.9764401912689209
1.799719887955182,0.9766564965248108
1.806722689075630,0.9768705964088440
1.813725490196078,0.9770823717117310
1.820728291316527,0.9772918224334717
1.827731092436975,0.9774991869926453
1.834733893557423,0.9777042865753174
1.841736694677871,0.9779072403907776
1.848739495798319,0.9781081080436707
1.855742296918768,0.9783069491386414
1.862745098039216,0.9785038232803345
1.869747899159664,0.9786986708641052
1.876750700280112,0.9788915514945984
1.883753501400560,0.9790823459625244
1.890756302521009,0.9792711734771729
1.897759103641457,0.9794582128524780
1.904761904761905,0.9796433448791504
1.911764705882353,0.9798266291618347
1.918767507002801,0.9800081253051758
1.925770308123249,0.9801878929138184
1.932773109243697,0.9803658723831177
1.939775910364146,0.9805420041084290
1.946778711484594,0.9807165265083313
1.953781512605042,0.9808893203735352
1.960784313725490,0.9810604453086853
1.967787114845938,0.9812299013137817
1.974789915966387,0.9813977479934692
1.981792717086835,0.9815640449523926
1.988795518207283,0.9817287325859070
1.995798319327731,0.9818919301033020
2.002801120448179,0.9820535778999329
2.009803921568627,0.9822137355804443
2.016806722689076,0.9823724031448364
2.023809523809524,0.9825295805931091
2.030812324929972,0.9826853275299072
2.037815126050420,0.9828396439552307
2.044817927170869,0.9829925894737244
2.051820728291317,0.9831441044807434
2.058823529411765,0.9832942485809326
2.065826330532213,0.9834431409835815
2.072829131652661,0.9835906624794006
2.079831932773109,0.9837368726730347
2.086834733893558,0.9838818311691284
2.093837535014006,0.9840255379676819
2.100840336134454,0.9841680526733398
2.107843137254902,0.9843092560768127
2.114845938375350,0.9844493269920349
2.121848739495798,0.9845881462097168
2.128851540616246,0.9847258329391479
2.135854341736695,0.9848623275756836
2.142857142857143,0.9849976897239685
2.149859943977591,0.9851319789886475
2.156862745098039,0.9852650761604309
2.163865546218488,0.9853972196578979
2.170868347338936,0.9855281710624695
2.177871148459384,0.9856581091880798
2.184873949579832,0.9857870936393738
2.191876750700280,0.9859149456024170
2.198879551820728,0.9860419034957886
2.205882352941177,0.9861677885055542
2.212885154061625,0.9862927794456482
2.219887955182073,0.9864168763160706
2.226890756302521,0.9865399003028870
2.233893557422969,0.9866621494293213
2.240896358543417,0.9867833852767944
2.247899159663866,0.9869038462638855
2.254901960784314,0.9870233535766602
2.261904761904762,0.9871419668197632
2.268907563025210,0.9872598648071289
2.275910364145658,0.9873768091201782
2.282913165266106,0.9874929785728455
2.289915966386555,0.9876083731651306
2.296918767507003,0.9877229332923889
2.303921568627451,0.9878368377685547
2.310924369747899,0.9879498481750488
2.317927170868348,0.9880622029304504
2.324929971988796,0.9881737828254700
2.331932773109244,0.9882847070693970
2.338935574229692,0.9883949160575867
2.345938375350140,0.9885043501853943
2.352941176470588,0.9886133074760437
2.359943977591036,0.9887215495109558
2.366946778711485,0.9888291358947754
2.373949579831933,0.9889360666275024
2.380952380952381,0.9890424013137817
2.387955182072829,0.9891483187675476
2.394957983193277,0.9892535209655762
2.401960784313725,0.9893581867218018
2.408963585434174,0.9894621968269348
2.415966386554622,0.9895657896995544
2.422969187675070,0.9896689653396606
2.429971988795518,0.9897715449333191
2.436974789915967,0.9898737072944641
2.443977591036415,0.9899752736091614
2.450980392156863,0.9900765419006348
2.457983193277311,0.9901773333549500
2.464985994397759,0.9902776479721069
2.471988795518207,0.9903776645660400
2.478991596638656,0.9904770851135254
2.485994397759104,0.9905763864517212
2.492997198879552,0.9906750917434692
2.500000000000000,0.9907730817794800
2.507002801120448,0.9908697605133057
2.514005602240896,0.9909650087356567
2.521008403361344,0.9910594224929810
2.528011204481793,0.9911527037620544
2.535014005602241,0.9912453889846802
2.542016806722689,0.9913370609283447
2.549019607843138,0.9914279580116272
2.556022408963586,0.9915181994438171
2.563025210084034,0.9916077256202698
2.570028011204482,0.9916966557502747
2.577030812324930,0.9917846918106079
2.584033613445378,0.9918719530105591
2.591036414565826,0.9919588565826416
2.598039215686275,0.9920446872711182
2.605042016806723,0.9921300411224365
2.612044817927171,0.9922149777412415
2.619047619047619,0.9922991991043091
2.626050420168067,0.9923827648162842
2.633053221288515,0.9924654960632324
2.640056022408964,0.9925478696823120
2.647058823529412,0.9926295280456543
2.654061624649860,0.9927107691764832
2.661064425770308,0.9927912354469299
2.668067226890757,0.9928712844848633
2.675070028011205,0.9929507970809937
2.682072829131653,0.9930295944213867
2.689075630252101,0.9931079745292664
2.696078431372549,0.9931855797767639
2.703081232492997,0.9932630658149719
2.710084033613446,0.9933398365974426
2.717086834733894,0.9934158325195312
2.724089635854342,0.9934915900230408
2.731092436974790,0.9935667514801025
2.738095238095238,0.9936414957046509
2.745098039215686,0.9937155246734619
2.752100840336134,0.9937890768051147
2.759103641456583,0.9938626289367676
2.766106442577031,0.9939352273941040
2.773109243697479,0.9940074086189270
2.780112044817927,0.9940789341926575
2.787114845938376,0.9941503405570984
2.794117647058824,0.9942213892936707
2.801120448179272,0.9942915439605713
2.808123249299720,0.9943614602088928
2.815126050420168,0.9944306612014771
2.822128851540616,0.9944996833801270
2.829131652661065,0.9945683479309082
2.836134453781513,0.9946362376213074
2.843137254901961,0.9947041273117065
2.850140056022409,0.9947711825370789
2.857142857142857,0.9948378801345825
2.864145658263305,0.9949042201042175
2.871148459383754,0.9949701428413391
2.878151260504202,0.9950358867645264
2.885154061624650,0.9951009154319763
2.892156862745098,0.9951656460762024
2.899159663865546,0.9952299594879150
2.906162464985995,0.9952940344810486
2.913165266106443,0.9953577518463135
2.920168067226891,0.9954209327697754
2.927170868347339,0.9954838752746582
2.934173669467787,0.9955462813377380
2.941176470588236,0.9956085085868835
2.948179271708684,0.9956702589988708
2.955182072829132,0.9957317709922791
2.962184873949580,0.9957929253578186
2.969187675070028,0.9958536624908447
2.976190476190476,0.9959142804145813
2.983193277310924,0.9959742426872253
2.990196078431373,0.9960341453552246
2.997198879551821,0.9960936903953552
3.004201680672269,0.9961527585983276
3.011204481792717,0.9962117075920105
3.018207282913165,0.9962701201438904
3.025210084033613,0.9963284730911255
3.032212885154062,0.9963864088058472
3.039215686274510,0.9964440464973450
3.046218487394958,0.9965015649795532
3.053221288515406,0.9965585470199585
3.060224089635855,0.9966155290603638
3.067226890756303,0.9966720342636108
3.074229691876751,0.9967283606529236
3.081232492997199,0.9967845082283020
3.088235294117647,0.9968401789665222
3.095238095238095,0.9968958497047424
3.102240896358543,0.9969511032104492
3.109243697478992,0.9970062971115112
3.116246498599440,0.9970611333847046
3.123249299719888,0.9971156716346741
3.130252100840336,0.9971701502799988
3.137254901960784,0.9972240328788757
3.144257703081232,0.9972779750823975
3.151260504201681,0.9973315000534058
3.158263305322129,0.9973847866058350
3.165266106442577,0.9974381327629089
3.172268907563025,0.9974909424781799
3.179271708683474,0.9975439310073853
3.186274509803922,0.9975965619087219
3.193277310924370,0.9976490736007690
3.200280112044818,0.9977015256881714
3.207282913165266,0.9977534413337708
3.214285714285714,0.9978054165840149
3.221288515406163,0.9978569149971008
3.228291316526611,0.9979082942008972
3.235294117647059,0.9979594349861145
3.242296918767507,0.9980102777481079
3.249299719887955,0.9980610609054565
3.256302521008403,0.9981114864349365
3.263305322128851,0.9981619715690613
3.270308123249300,0.9982122182846069
3.277310924369748,0.9982623457908630
3.284313725490196,0.9983124732971191
3.291316526610645,0.9983622431755066
3.298319327731093,0.9984120726585388
3.305322128851541,0.9984615445137024
3.312324929971989,0.9985110163688660
3.319327731092437,0.9985601902008057
3.326330532212885,0.9986093044281006
3.333333333333333,0.9986582994461060
3.340336134453782,0.9987070560455322
3.347338935574230,0.9987557530403137
3.354341736694678,0.9988042712211609
3.361344537815126,0.9988527297973633
3.368347338935574,0.9989012479782104
3.375350140056022,0.9989494085311890
3.382352941176471,0.9989976882934570
3.389355742296919,0.9990456700325012
3.396358543417367,0.9990937709808350
3.403361344537815,0.9991416931152344
3.410364145658264,0.9991896152496338
3.417366946778712,0.9992374777793884
3.424369747899160,0.9992852210998535
3.431372549019608,0.9993330240249634
3.438375350140056,0.9993807077407837
3.445378151260504,0.9994283914566040
3.452380952380953,0.9994760751724243
3.459383753501401,0.9995236992835999
3.466386554621849,0.9995713233947754
3.473389355742297,0.9996189475059509
3.480392156862745,0.9996665120124817
3.487394957983193,0.9997141361236572
3.494397759103641,0.9997617602348328
3.501400560224090,0.9998093843460083
3.508403361344538,0.9998570680618286
3.515406162464986,0.9999048113822937
3.522408963585434,0.9999526739120483
3.529411764705883,1.000000715255737
