0.000000000000000,0.002778289141133428
0.007002801120448180,0.01338260807096958
0.01400560224089636,0.03260180726647377
0.02100840336134454,0.05765499919652939
0.02801120448179272,0.08441755175590515
0.03501400560224090,0.1097019091248512
0.04201680672268908,0.1324532479047775
0.04901960784313725,0.1518526822328568
0.05602240896358544,0.1682146787643433
0.06302521008403361,0.1817347109317780
0.07002801120448179,0.1933198273181915
0.07703081232492998,0.2040265202522278
0.08403361344537816,0.2143089324235916
0.09103641456582634,0.2244579046964645
0.09803921568627451,0.2346119880676270
0.1050420168067227,0.2448909580707550
0.1120448179271709,0.2552165091037750
0.1190476190476191,0.2656248509883881
0.1260504201680672,0.2759441137313843
0.1330532212885154,0.2862859964370728
0.1400560224089636,0.2966221868991852
0.1470588235294118,0.3068596422672272
0.1540616246498600,0.3170874714851379
0.1610644257703081,0.3272013366222382
0.1680672268907563,0.3374024033546448
0.1750700280112045,0.3477092683315277
0.1820728291316527,0.3582167327404022
0.1890756302521008,0.3690128922462463
0.1960784313725490,0.3801303505897522
0.2030812324929972,0.3916127383708954
0.2100840336134454,0.4034230709075928
0.2170868347338936,0.4154849052429199
0.2240896358543417,0.4277099072933197
0.2310924369747899,0.4399861097335815
0.2380952380952381,0.4521867036819458
0.2450980392156863,0.4642057418823242
0.2521008403361344,0.4759882092475891
0.2591036414565827,0.4874948263168335
0.2661064425770308,0.4987079501152039
0.2731092436974790,0.5096127986907959
0.2801120448179272,0.5202127695083618
0.2871148459383754,0.5305188894271851
0.2941176470588235,0.5405498743057251
0.3011204481792717,0.5503133535385132
0.3081232492997199,0.5598213672637939
0.3151260504201681,0.5690883398056030
0.3221288515406163,0.5781242847442627
0.3291316526610644,0.5869322419166565
0.3361344537815126,0.5955150127410889
0.3431372549019608,0.6038768887519836
0.3501400560224090,0.6120302081108093
0.3571428571428572,0.6199824810028076
0.3641456582633054,0.6277338862419128
0.3711484593837535,0.6352987885475159
0.3781512605042017,0.6426920294761658
0.3851540616246499,0.6499117612838745
0.3921568627450980,0.6569653749465942
0.3991596638655462,0.6638553142547607
0.4061624649859944,0.6705920100212097
0.4131652661064426,0.6771782040596008
0.4201680672268908,0.6836103200912476
0.4271708683473390,0.6899005174636841
0.4341736694677871,0.6960513591766357
0.4411764705882353,0.7020689249038696
0.4481792717086835,0.7079473137855530
0.4551820728291316,0.7136842608451843
0.4621848739495799,0.7192879915237427
0.4691876750700280,0.7247606515884399
0.4761904761904762,0.7301082611083984
0.4831932773109244,0.7353308796882629
0.4901960784313726,0.7404303550720215
0.4971988795518207,0.7454145550727844
0.5042016806722689,0.7502799630165100
0.5112044817927172,0.7550273537635803
0.5182072829131653,0.7596651315689087
0.5252100840336135,0.7641947269439697
0.5322128851540616,0.7686179876327515
0.5392156862745098,0.7729341387748718
0.5462184873949580,0.7771482467651367
0.5532212885154062,0.7812672853469849
0.5602240896358543,0.7852908968925476
0.5672268907563025,0.7892186045646667
0.5742296918767508,0.7930520176887512
0.5812324929971989,0.7967971563339233
0.5882352941176471,0.8004589676856995
0.5952380952380952,0.8040352463722229
0.6022408963585434,0.8075270652770996
0.6092436974789917,0.8109391331672668
0.6162464985994398,0.8142749667167664
0.6232492997198880,0.8175346851348877
0.6302521008403361,0.8207184672355652
0.6372549019607844,0.8238311409950256
0.6442577030812325,0.8268738389015198
0.6512605042016807,0.8298480510711670
0.6582633053221288,0.8327564597129822
0.6652661064425771,0.8356006741523743
0.6722689075630253,0.8383826613426208
0.6792717086834734,0.8411026597023010
0.6862745098039216,0.8437593579292297
0.6932773109243697,0.8463562726974487
0.7002801120448180,0.8488972783088684
0.7072829131652661,0.8513846993446350
0.7142857142857143,0.8538188338279724
0.7212885154061625,0.8561977744102478
0.7282913165266107,0.8585256934165955
0.7352941176470589,0.8608049750328064
0.7422969187675070,0.8630360364913940
0.7492997198879552,0.8652195334434509
0.7563025210084033,0.8673558831214905
0.7633053221288516,0.8694468736648560
0.7703081232492998,0.8714931011199951
0.7773109243697479,0.8734965920448303
0.7843137254901961,0.8754593729972839
0.7913165266106443,0.8773817420005798
0.7983193277310925,0.8792644143104553
0.8053221288515406,0.8811077475547791
0.8123249299719888,0.8829125165939331
0.8193277310924371,0.8846805691719055
0.8263305322128852,0.8864136338233948
0.8333333333333334,0.8881124854087830
0.8403361344537815,0.8897769451141357
0.8473389355742297,0.8914069533348083
0.8543417366946779,0.8930040001869202
0.8613445378151261,0.8945689201354980
0.8683473389355743,0.8961027264595032
0.8753501400560224,0.8976072072982788
0.8823529411764707,0.8990826010704041
0.8893557422969188,0.9005289077758789
0.8963585434173670,0.9019467234611511
0.9033613445378151,0.9033373594284058
0.9103641456582633,0.9047016501426697
0.9173669467787116,0.9060403108596802
0.9243697478991597,0.9073535203933716
0.9313725490196079,0.9086415171623230
0.9383753501400560,0.9099049568176270
0.9453781512605043,0.9111448526382446
0.9523809523809524,0.9123614430427551
0.9593837535014006,0.9135553836822510
0.9663865546218487,0.9147277474403381
0.9733893557422969,0.9158786535263062
0.9803921568627452,0.9170081019401550
0.9873949579831933,0.9181165695190430
0.9943977591036415,0.9192053079605103
1.001400560224090,0.9202750325202942
1.008403361344538,0.9213256239891052
1.015406162464986,0.9223567843437195
1.022408963585434,0.9233691692352295
1.029411764705882,0.9243639707565308
1.036414565826331,0.9253411889076233
1.043417366946779,0.9263010621070862
1.050420168067227,0.9272442460060120
1.057422969187675,0.9281711578369141
1.064425770308123,0.9290823340415955
1.071428571428571,0.9299778938293457
1.078431372549020,0.9308579564094543
1.085434173669468,0.9317233562469482
1.092436974789916,0.9325742125511169
1.099439775910364,0.9334104657173157
1.106442577030812,0.9342322945594788
1.113445378151261,0.9350405931472778
1.120448179271709,0.9358358979225159
1.127450980392157,0.9366180300712585
1.134453781512605,0.9373871088027954
1.141456582633053,0.9381434917449951
1.148459383753502,0.9388875365257263
1.155462184873950,0.9396196007728577
1.162464985994398,0.9403397440910339
1.169467787114846,0.9410485029220581
1.176470588235294,0.9417461156845093
1.183473389355742,0.9424324631690979
1.190476190476190,0.9431077241897583
1.197478991596639,0.9437721371650696
1.204481792717087,0.9444264173507690
1.211484593837535,0.9450707435607910
1.218487394957983,0.9457049369812012
1.225490196078431,0.9463293552398682
1.232492997198880,0.9469442367553711
1.239495798319328,0.9475497007369995
1.246498599439776,0.9481459856033325
1.253501400560224,0.9487330317497253
1.260504201680672,0.9493111968040466
1.267507002801121,0.9498806595802307
1.274509803921569,0.9504415988922119
1.281512605042017,0.9509942531585693
1.288515406162465,0.9515387415885925
1.295518207282913,0.9520753622055054
1.302521008403361,0.9526041746139526
1.309523809523810,0.9531251788139343
1.316526610644258,0.9536385536193848
1.323529411764706,0.9541444778442383
1.330532212885154,0.9546432495117188
1.337535014005602,0.9551348686218262
1.344537815126051,0.9556193947792053
1.351540616246499,0.9560970664024353
1.358543417366947,0.9565679430961609
1.365546218487395,0.9570322036743164
1.372549019607843,0.9574899077415466
1.379551820728291,0.9579411149024963
1.386554621848739,0.9583861231803894
1.393557422969188,0.9588249921798706
1.400560224089636,0.9592578411102295
1.407563025210084,0.9596848487854004
1.414565826330532,0.9601060748100281
1.421568627450980,0.9605215787887573
1.428571428571429,0.9609314203262329
1.435574229691877,0.9613357782363892
1.442577030812325,0.9617347717285156
1.449579831932773,0.9621285200119019
1.456582633053221,0.9625170230865479
1.463585434173670,0.9629002213478088
1.470588235294118,0.9632784128189087
1.477591036414566,0.9636517763137817
1.484593837535014,0.9640202522277832
1.491596638655462,0.9643839597702026
1.498599439775910,0.9647428989410400
1.505602240896359,0.9650973081588745
1.512605042016807,0.9654472470283508
1.519607843137255,0.9657926559448242
1.526610644257703,0.9661337137222290
1.533613445378151,0.9664704799652100
1.540616246498600,0.9668029546737671
1.547619047619048,0.9671312570571899
1.554621848739496,0.9674554467201233
1.561624649859944,0.9677756428718567
1.568627450980392,0.9680920243263245
1.575630252100840,0.9684044718742371
1.582633053221289,0.9687129855155945
1.589635854341737,0.9690177440643311
1.596638655462185,0.9693188071250916
1.603641456582633,0.9696162939071655
1.610644257703081,0.9699101448059082
1.617647058823529,0.9702004790306091
1.624649859943978,0.9704873561859131
1.631652661064426,0.9707708358764648
1.638655462184874,0.9710509181022644
1.645658263305322,0.9713277220726013
1.652661064425770,0.9716013669967651
1.659663865546219,0.9718718528747559
1.666666666666667,0.9721391201019287
1.673669467787115,0.9724032878875732
1.680672268907563,0.9726644158363342
1.687675070028011,0.9729226231575012
1.694677871148459,0.9731779098510742
1.701680672268908,0.9734302759170532
1.708683473389356,0.9736797809600830
1.715686274509804,0.9739264249801636
1.722689075630252,0.9741702675819397
1.729691876750700,0.9744114279747009
1.736694677871149,0.9746499061584473
1.743697478991597,0.9748858213424683
1.750700280112045,0.9751191139221191
1.757703081232493,0.9753498435020447
1.764705882352941,0.9755780100822449
1.771708683473390,0.9758037328720093
1.778711484593838,0.9760270118713379
1.785714285714286,0.9762478470802307
1.792717086834734,0.9764662981033325
1.799719887955182,0.9766824245452881
1.806722689075630,0.9768962264060974
1.813725490196078,0.9771077632904053
1.820728291316527,0.9773170351982117
1.827731092436975,0.9775241613388062
1.834733893557423,0.9777290821075439
1.841736694677871,0.9779318571090698
1.848739495798319,0.9781325459480286
1.855742296918768,0.9783311486244202
1.862745098039216,0.9785277843475342
1.869747899159664,0.9787223935127258
1.876750700280112,0.9789149761199951
1.883753501400560,0.9791055917739868
1.890756302521009,0.9792943000793457
1.897759103641457,0.9794811010360718
1.904761904761905,0.9796660542488098
1.911764705882353,0.9798491597175598
1.918767507002801,0.9800304770469666
1.925770308123249,0.9802100062370300
1.932773109243697,0.9803877472877502
1.939775910364146,0.9805637001991272
1.946778711484594,0.9807379841804504
1.953781512605042,0.9809105992317200
1.960784313725490,0.9810815453529358
1.967787114845938,0.9812508225440979
1.974789915966387,0.9814184904098511
1.981792717086835,0.9815846085548401
1.988795518207283,0.9817491173744202
1.995798319327731,0.9819120764732361
2.002801120448179,0.9820735454559326
2.009803921568627,0.9822335243225098
2.016806722689076,0.9823920130729675
2.023809523809524,0.9825490117073059
2.030812324929972,0.9827045798301697
2.037815126050420,0.9828587174415588
2.044817927170869,0.9830114245414734
2.051820728291317,0.9831627607345581
2.058823529411765,0.9833127260208130
2.065826330532213,0.9834613800048828
2.072829131652661,0.9836087226867676
2.079831932773109,0.9837548136711121
2.086834733893558,0.9838995933532715
2.093837535014006,0.9840431213378906
2.100840336134454,0.9841854572296143
2.107843137254902,0.9843264818191528
2.114845938375350,0.9844663739204407
2.121848739495798,0.9846050143241882
2.128851540616246,0.9847425222396851
2.135854341736695,0.9848788380622864
2.142857142857143,0.9850140213966370
2.149859943977591,0.9851481914520264
2.156862745098039,0.9852811694145203
2.163865546218488,0.9854131340980530
2.170868347338936,0.9855439066886902
2.177871148459384,0.9856737256050110
2.184873949579832,0.9858025312423706
2.191876750700280,0.9859302043914795
2.198879551820728,0.9860569834709167
2.205882352941177,0.9861826896667480
2.212885154061625,0.9863075017929077
2.219887955182073,0.9864314198493958
2.226890756302521,0.9865543246269226
2.233893557422969,0.9866763949394226
2.240896358543417,0.9867974519729614
2.247899159663866,0.9869177341461182
2.254901960784314,0.9870370626449585
2.261904761904762,0.9871555566787720
2.268907563025210,0.9872732758522034
2.275910364145658,0.9873901009559631
2.282913165266106,0.9875061511993408
2.289915966386555,0.9876213669776917
2.296918767507003,0.9877358078956604
2.303921568627451,0.9878495931625366
2.310924369747899,0.9879624247550964
2.317927170868348,0.9880746603012085
2.324929971988796,0.9881861209869385
2.331932773109244,0.9882969260215759
2.338935574229692,0.9884070158004761
2.345938375350140,0.9885163307189941
2.352941176470588,0.9886251091957092
2.359943977591036,0.9887331724166870
2.366946778711485,0.9888406395912170
2.373949579831933,0.9889473915100098
2.380952380952381,0.9890535473823547
2.387955182072829,0.9891592860221863
2.394957983193277,0.9892643690109253
2.401960784313725,0.9893689155578613
2.408963585434174,0.9894728064537048
2.415966386554622,0.9895762801170349
2.422969187675070,0.9896792769432068
2.429971988795518,0.9897816777229309
2.436974789915967,0.9898836612701416
2.443977591036415,0.9899851083755493
2.450980392156863,0.9900862574577332
2.457983193277311,0.9901869297027588
2.464985994397759,0.9902871251106262
2.471988795518207,0.9903870820999146
2.478991596638656,0.9904863834381104
2.485994397759104,0.9905856251716614
2.492997198879552,0.9906842112541199
2.500000000000000,0.9907821416854858
2.507002801120448,0.9908787012100220
2.514005602240896,0.9909738898277283
2.521008403361344,0.9910681843757629
2.528011204481793,0.9911613464355469
2.535014005602241,0.9912539124488831
2.542016806722689,0.9913455247879028
2.549019607843138,0.9914363026618958
2.556022408963586,0.9915264248847961
2.563025210084034,0.9916158318519592
2.570028011204482,0.9917046427726746
2.577030812324930,0.9917925596237183
2.584033613445378,0.9918797016143799
2.591036414565826,0.9919665455818176
2.598039215686275,0.9920522570610046
2.605042016806723,0.9921374917030334
2.612044817927171,0.9922223091125488
2.619047619047619,0.9923064112663269
2.626050420168067,0.9923898577690125
2.633053221288515,0.9924725294113159
2.640056022408964,0.9925547838211060
2.647058823529412,0.9926363825798035
2.654061624649860,0.9927175045013428
2.661064425770308,0.9927978515625000
2.668067226890757,0.9928778409957886
2.675070028011205,0.9929572939872742
2.682072829131653,0.9930359721183777
2.689075630252101,0.9931142330169678
2.696078431372549,0.9931917786598206
2.703081232492997,0.9932691454887390
2.710084033613446,0.9933458566665649
2.717086834733894,0.9934217333793640
2.724089635854342,0.9934973716735840
2.731092436974790,0.9935724735260010
2.738095238095238,0.9936471581459045
2.745098039215686,0.9937211275100708
2.752100840336134,0.9937945604324341
2.759103641456583,0.9938679933547974
2.766106442577031,0.9939405322074890
2.773109243697479,0.9940125942230225
2.780112044817927,0.9940840601921082
2.787114845938376,0.9941553473472595
2.794117647058824,0.9942262768745422
2.801120448179272,0.9942963123321533
2.808123249299720,0.9943661689758301
2.815126050420168,0.9944353103637695
2.822128851540616,0.9945042729377747
2.829131652661065,0.9945728182792664
2.836134453781513,0.9946406483650208
2.843137254901961,0.9947084188461304
2.850140056022409,0.9947754144668579
2.857142857142857,0.9948420524597168
2.864145658263305,0.9949083328247070
2.871148459383754,0.9949741959571838
2.878151260504202,0.9950398206710815
2.885154061624650,0.9951047897338867
2.892156862745098,0.9951694607734680
2.899159663865546,0.9952336549758911
2.906162464985995,0.9952976107597351
2.913165266106443,0.9953612089157104
2.920168067226891,0.9954242706298828
2.927170868347339,0.9954871535301208
2.934173669467787,0.9955494999885559
2.941176470588236,0.9956116676330566
2.948179271708684,0.9956733584403992
2.955182072829132,0.9957348108291626
2.962184873949580,0.9957958459854126
2.969187675070028,0.9958564639091492
2.976190476190476,0.9959170222282410
2.983193277310924,0.9959769248962402
2.990196078431373,0.9960367679595947
2.997198879551821,0.9960962533950806
3.004201680672269,0.9961552619934082
3.011204481792717,0.9962141513824463
3.018207282913165,0.9962725043296814
3.025210084033613,0.9963307976722717
3.032212885154062,0.9963886737823486
3.039215686274510,0.9964462518692017
3.046218487394958,0.9965037107467651
3.053221288515406,0.9965606331825256
3.060224089635855,0.9966175556182861
3.067226890756303,0.9966740012168884
3.074229691876751,0.9967302680015564
3.081232492997199,0.9967863559722900
3.088235294117647,0.9968419671058655
3.095238095238095,0.9968975782394409
3.102240896358543,0.9969527125358582
3.109243697478992,0.9970077872276306
3.116246498599440,0.9970625042915344
3.123249299719888,0.9971169233322144
3.130252100840336,0.9971713423728943
3.137254901960784,0.9972252249717712
3.144257703081232,0.9972791075706482
3.151260504201681,0.9973326325416565
3.158263305322129,0.9973859190940857
3.165266106442577,0.9974392652511597
3.172268907563025,0.9974920153617859
3.179271708683474,0.9975448846817017
3.186274509803922,0.9975973963737488
3.193277310924370,0.9976497292518616
3.200280112044818,0.9977020621299744
3.207282913165266,0.9977538585662842
3.214285714285714,0.9978057146072388
3.221288515406163,0.9978571534156799
3.228291316526611,0.9979084730148315
3.235294117647059,0.9979596138000488
3.242296918767507,0.9980104565620422
3.249299719887955,0.9980612993240356
3.256302521008403,0.9981117248535156
3.263305322128851,0.9981621503829956
3.270308123249300,0.9982123374938965
3.277310924369748,0.9982624053955078
3.284313725490196,0.9983124732971191
3.291316526610645,0.9983621239662170
3.298319327731093,0.9984118342399597
3.305322128851541,0.9984611868858337
3.312324929971989,0.9985105991363525
3.319327731092437,0.9985597133636475
3.326330532212885,0.9986087679862976
3.333333333333333,0.9986577033996582
3.340336134453782,0.9987064599990845
3.347338935574230,0.9987551569938660
3.354341736694678,0.9988036751747131
3.361344537815126,0.9988520741462708
3.368347338935574,0.9989005327224731
3.375350140056022,0.9989486932754517
3.382352941176471,0.9989969730377197
3.389355742296919,0.9990449547767639
3.396358543417367,0.9990930557250977
3.403361344537815,0.9991409182548523
3.410364145658264,0.9991887807846069
3.417366946778712,0.9992365837097168
3.424369747899160,0.9992843270301819
3.431372549019608,0.9993320703506470
3.438375350140056,0.9993796944618225
3.445378151260504,0.9994273781776428
3.452380952380953,0.9994750022888184
3.459383753501401,0.9995226263999939
3.466386554621849,0.9995701909065247
3.473389355742297,0.9996177554130554
3.480392156862745,0.9996653199195862
3.487394957983193,0.9997129440307617
3.494397759103641,0.9997605681419373
3.501400560224090,0.9998082518577576
3.508403361344538,0.9998559355735779
3.515406162464986,0.9999036788940430
3.522408963585434,0.9999515414237976
3.529411764705883,0.9999994635581970
