0.000000000000000,0.03769752010703087
0.007002801120448180,0.1272755563259125
0.01400560224089636,0.1873959600925446
0.02100840336134454,0.2148226052522659
0.02801120448179272,0.2283875942230225
0.03501400560224090,0.2370990514755249
0.04201680672268908,0.2458919137716293
0.04901960784313725,0.2537554800510406
0.05602240896358544,0.2606337964534760
0.06302521008403361,0.2678416371345520
0.07002801120448179,0.2754660546779633
0.07703081232492998,0.2830680906772614
0.08403361344537816,0.2912473380565643
0.09103641456582634,0.3001009225845337
0.09803921568627451,0.3092018365859985
0.1050420168067227,0.3186500370502472
0.1120448179271709,0.3277857303619385
0.1190476190476191,0.3376279771327972
0.1260504201680672,0.3471193611621857
0.1330532212885154,0.3565471172332764
0.1400560224089636,0.3659745454788208
0.1470588235294118,0.3752373158931732
0.1540616246498600,0.3845615088939667
0.1610644257703081,0.3934223055839539
0.1680672268907563,0.4022457897663116
0.1750700280112045,0.4109020829200745
0.1820728291316527,0.4193735718727112
0.1890756302521008,0.4275752902030945
0.1960784313725490,0.4354045987129211
0.2030812324929972,0.4430672824382782
0.2100840336134454,0.4505400657653809
0.2170868347338936,0.4580149650573730
0.2240896358543417,0.4662014842033386
0.2310924369747899,0.4759391844272614
0.2380952380952381,0.4873926043510437
0.2450980392156863,0.4995328485965729
0.2521008403361344,0.5115588903427124
0.2591036414565827,0.5232479572296143
0.2661064425770308,0.5345348119735718
0.2731092436974790,0.5453845262527466
0.2801120448179272,0.5558496713638306
0.2871148459383754,0.5659556984901428
0.2941176470588235,0.5757098197937012
0.3011204481792717,0.5851272344589233
0.3081232492997199,0.5942441225051880
0.3151260504201681,0.6030922532081604
0.3221288515406163,0.6116848587989807
0.3291316526610644,0.6200151443481445
0.3361344537815126,0.6281020641326904
0.3431372549019608,0.6359683275222778
0.3501400560224090,0.6436066031455994
0.3571428571428572,0.6510221958160400
0.3641456582633054,0.6582322120666504
0.3711484593837535,0.6652528643608093
0.3781512605042017,0.6720890402793884
0.3851540616246499,0.6787403225898743
0.3921568627450980,0.6852207779884338
0.3991596638655462,0.6915418505668640
0.4061624649859944,0.6977034807205200
0.4131652661064426,0.7036998867988586
0.4201680672268908,0.7095432281494141
0.4271708683473390,0.7152479290962219
0.4341736694677871,0.7208045721054077
0.4411764705882353,0.7262239456176758
0.4481792717086835,0.7315132021903992
0.4551820728291316,0.7366741895675659
0.4621848739495799,0.7417155504226685
0.4691876750700280,0.7466400861740112
0.4761904761904762,0.7514625787734985
0.4831932773109244,0.7561861872673035
0.4901960784313726,0.7607995867729187
0.4971988795518207,0.7653084397315979
0.5042016806722689,0.7697187066078186
0.5112044817927172,0.7740261554718018
0.5182072829131653,0.7782320976257324
0.5252100840336135,0.7823404073715210
0.5322128851540616,0.7863565087318420
0.5392156862745098,0.7902808785438538
0.5462184873949580,0.7941122651100159
0.5532212885154062,0.7978553175926208
0.5602240896358543,0.8015173673629761
0.5672268907563025,0.8050955533981323
0.5742296918767508,0.8085829615592957
0.5812324929971989,0.8119893074035645
0.5882352941176471,0.8153231143951416
0.5952380952380952,0.8185794949531555
0.6022408963585434,0.8217574357986450
0.6092436974789917,0.8248620629310608
0.6162464985994398,0.8279008269309998
0.6232492997198880,0.8308738470077515
0.6302521008403361,0.8337747454643250
0.6372549019607844,0.8366099596023560
0.6442577030812325,0.8393856287002563
0.6512605042016807,0.8420982956886292
0.6582633053221288,0.8447477221488953
0.6652661064425771,0.8473387956619263
0.6722689075630253,0.8498752713203430
0.6792717086834734,0.8523567318916321
0.6862745098039216,0.8547794818878174
0.6932773109243697,0.8571475148200989
0.7002801120448180,0.8594688177108765
0.7072829131652661,0.8617423772811890
0.7142857142857143,0.8639642000198364
0.7212885154061625,0.8661363720893860
0.7282913165266107,0.8682643771171570
0.7352941176470589,0.8703472018241882
0.7422969187675070,0.8723849058151245
0.7492997198879552,0.8743796944618225
0.7563025210084033,0.8763340711593628
0.7633053221288516,0.8782486915588379
0.7703081232492998,0.8801207542419434
0.7773109243697479,0.8819546699523926
0.7843137254901961,0.8837544918060303
0.7913165266106443,0.8855165243148804
0.7983193277310925,0.8872402906417847
0.8053221288515406,0.8889291882514954
0.8123249299719888,0.8905841708183289
0.8193277310924371,0.8922056555747986
0.8263305322128852,0.8937945365905762
0.8333333333333334,0.8953528404235840
0.8403361344537815,0.8968824148178101
0.8473389355742297,0.8983807563781738
0.8543417366946779,0.8998471498489380
0.8613445378151261,0.9012855291366577
0.8683473389355743,0.9026968479156494
0.8753501400560224,0.9040800333023071
0.8823529411764707,0.9054358005523682
0.8893557422969188,0.9067658185958862
0.8963585434173670,0.9080711603164673
0.9033613445378151,0.9093518853187561
0.9103641456582633,0.9106075763702393
0.9173669467787116,0.9118409752845764
0.9243697478991597,0.9130530357360840
0.9313725490196079,0.9142408967018127
0.9383753501400560,0.9154051542282104
0.9453781512605043,0.9165490269660950
0.9523809523809524,0.9176719188690186
0.9593837535014006,0.9187734127044678
0.9663865546218487,0.9198547601699829
0.9733893557422969,0.9209172725677490
0.9803921568627452,0.9219616651535034
0.9873949579831933,0.9229865074157715
0.9943977591036415,0.9239923357963562
1.001400560224090,0.9249821305274963
1.008403361344538,0.9259551167488098
1.015406162464986,0.9269087910652161
1.022408963585434,0.9278450012207031
1.029411764705882,0.9287658333778381
1.036414565826331,0.9296709895133972
1.043417366946779,0.9305598735809326
1.050420168067227,0.9314331412315369
1.057422969187675,0.9322926402091980
1.064425770308123,0.9331387877464294
1.071428571428571,0.9339694380760193
1.078431372549020,0.9347854852676392
1.085434173669468,0.9355891346931458
1.092436974789916,0.9363793134689331
1.099439775910364,0.9371551871299744
1.106442577030812,0.9379178285598755
1.113445378151261,0.9386687278747559
1.120448179271709,0.9394083619117737
1.127450980392157,0.9401353597640991
1.134453781512605,0.9408501386642456
1.141456582633053,0.9415544867515564
1.148459383753502,0.9422476887702942
1.155462184873950,0.9429286122322083
1.162464985994398,0.9435986876487732
1.169467787114846,0.9442588686943054
1.176470588235294,0.9449085593223572
1.183473389355742,0.9455475211143494
1.190476190476190,0.9461762309074402
1.197478991596639,0.9467959403991699
1.204481792717087,0.9474067091941833
1.211484593837535,0.9480074644088745
1.218487394957983,0.9485989809036255
1.225490196078431,0.9491823911666870
1.232492997198880,0.9497565031051636
1.239495798319328,0.9503212571144104
1.246498599439776,0.9508776068687439
1.253501400560224,0.9514259696006775
1.260504201680672,0.9519662857055664
1.267507002801121,0.9524981379508972
1.274509803921569,0.9530222415924072
1.281512605042017,0.9535396695137024
1.288515406162465,0.9540494084358215
1.295518207282913,0.9545510411262512
1.302521008403361,0.9550457596778870
1.309523809523810,0.9555336833000183
1.316526610644258,0.9560140967369080
1.323529411764706,0.9564872980117798
1.330532212885154,0.9569540619850159
1.337535014005602,0.9574148058891296
1.344537815126051,0.9578691124916077
1.351540616246499,0.9583165049552917
1.358543417366947,0.9587579965591431
1.365546218487395,0.9591940045356750
1.372549019607843,0.9596233367919922
1.379551820728291,0.9600462317466736
1.386554621848739,0.9604636430740356
1.393557422969188,0.9608755111694336
1.400560224089636,0.9612817168235779
1.407563025210084,0.9616822600364685
1.414565826330532,0.9620777368545532
1.421568627450980,0.9624685049057007
1.428571428571429,0.9628538489341736
1.435574229691877,0.9632336497306824
1.442577030812325,0.9636089801788330
1.449579831932773,0.9639795422554016
1.456582633053221,0.9643446803092957
1.463585434173670,0.9647047519683838
1.470588235294118,0.9650603532791138
1.477591036414566,0.9654117822647095
1.484593837535014,0.9657585620880127
1.491596638655462,0.9661006331443787
1.498599439775910,0.9664387702941895
1.505602240896359,0.9667730331420898
1.512605042016807,0.9671025872230530
1.519607843137255,0.9674277305603027
1.526610644257703,0.9677491784095764
1.533613445378151,0.9680666327476501
1.540616246498600,0.9683797955513000
1.547619047619048,0.9686889648437500
1.554621848739496,0.9689946174621582
1.561624649859944,0.9692969322204590
1.568627450980392,0.9695954322814941
1.575630252100840,0.9698901176452637
1.582633053221289,0.9701815843582153
1.589635854341737,0.9704695343971252
1.596638655462185,0.9707535505294800
1.603641456582633,0.9710341691970825
1.610644257703081,0.9713116288185120
1.617647058823529,0.9715858101844788
1.624649859943978,0.9718566536903381
1.631652661064426,0.9721242189407349
1.638655462184874,0.9723891019821167
1.645658263305322,0.9726511240005493
1.652661064425770,0.9729097485542297
1.659663865546219,0.9731653332710266
1.666666666666667,0.9734182953834534
1.673669467787115,0.9736682176589966
1.680672268907563,0.9739150404930115
1.687675070028011,0.9741590619087219
1.694677871148459,0.9744006395339966
1.701680672268908,0.9746395945549011
1.708683473389356,0.9748756885528564
1.715686274509804,0.9751091003417969
1.722689075630252,0.9753403663635254
1.729691876750700,0.9755689501762390
1.736694677871149,0.9757947325706482
1.743697478991597,0.9760181903839111
1.750700280112045,0.9762393236160278
1.757703081232493,0.9764579534530640
1.764705882352941,0.9766740798950195
1.771708683473390,0.9768878817558289
1.778711484593838,0.9770997762680054
1.785714285714286,0.9773094058036804
1.792717086834734,0.9775165319442749
1.799719887955182,0.9777215719223022
1.806722689075630,0.9779247045516968
1.813725490196078,0.9781254529953003
1.820728291316527,0.9783238768577576
1.827731092436975,0.9785203337669373
1.834733893557423,0.9787148833274841
1.841736694677871,0.9789074659347534
1.848739495798319,0.9790978431701660
1.855742296918768,0.9792864918708801
1.862745098039216,0.9794735908508301
1.869747899159664,0.9796586036682129
1.876750700280112,0.9798414707183838
1.883753501400560,0.9800226688385010
1.890756302521009,0.9802021384239197
1.897759103641457,0.9803796410560608
1.904761904761905,0.9805552959442139
1.911764705882353,0.9807293415069580
1.918767507002801,0.9809018969535828
1.925770308123249,0.9810727238655090
1.932773109243697,0.9812417626380920
1.939775910364146,0.9814093112945557
1.946778711484594,0.9815754294395447
1.953781512605042,0.9817396998405457
1.960784313725490,0.9819023013114929
1.967787114845938,0.9820634126663208
1.974789915966387,0.9822230935096741
1.981792717086835,0.9823812246322632
1.988795518207283,0.9825378060340881
1.995798319327731,0.9826930761337280
2.002801120448179,0.9828470945358276
2.009803921568627,0.9829996228218079
2.016806722689076,0.9831506609916687
2.023809523809524,0.9833005070686340
2.030812324929972,0.9834489822387695
2.037815126050420,0.9835959076881409
2.044817927170869,0.9837415218353271
2.051820728291317,0.9838858842849731
2.058823529411765,0.9840290546417236
2.065826330532213,0.9841709136962891
2.072829131652661,0.9843114614486694
2.079831932773109,0.9844509959220886
2.086834733893558,0.9845893979072571
2.093837535014006,0.9847264289855957
2.100840336134454,0.9848622679710388
2.107843137254902,0.9849969744682312
2.114845938375350,0.9851305484771729
2.121848739495798,0.9852628707885742
2.128851540616246,0.9853941798210144
2.135854341736695,0.9855244755744934
2.142857142857143,0.9856537580490112
2.149859943977591,0.9857819676399231
2.156862745098039,0.9859090447425842
2.163865546218488,0.9860353469848633
2.170868347338936,0.9861604571342468
2.177871148459384,0.9862844944000244
2.184873949579832,0.9864075779914856
2.191876750700280,0.9865296483039856
2.198879551820728,0.9866508245468140
2.205882352941177,0.9867709279060364
2.212885154061625,0.9868901968002319
2.219887955182073,0.9870088100433350
2.226890756302521,0.9871264696121216
2.233893557422969,0.9872431159019470
2.240896358543417,0.9873588085174561
2.247899159663866,0.9874739050865173
2.254901960784314,0.9875879883766174
2.261904761904762,0.9877011775970459
2.268907563025210,0.9878137111663818
2.275910364145658,0.9879254102706909
2.282913165266106,0.9880363941192627
2.289915966386555,0.9881465435028076
2.296918767507003,0.9882559776306152
2.303921568627451,0.9883649349212646
2.310924369747899,0.9884729385375977
2.317927170868348,0.9885801672935486
2.324929971988796,0.9886867403984070
2.331932773109244,0.9887927174568176
2.338935574229692,0.9888979792594910
2.345938375350140,0.9890024662017822
2.352941176470588,0.9891064763069153
2.359943977591036,0.9892099499702454
2.366946778711485,0.9893128275871277
2.373949579831933,0.9894148707389832
2.380952380952381,0.9895164370536804
2.387955182072829,0.9896177053451538
2.394957983193277,0.9897181391716003
2.401960784313725,0.9898180365562439
2.408963585434174,0.9899173378944397
2.415966386554622,0.9900162220001221
2.422969187675070,0.9901146888732910
2.429971988795518,0.9902125000953674
2.436974789915967,0.9903099536895752
2.443977591036415,0.9904069900512695
2.450980392156863,0.9905036687850952
2.457983193277311,0.9905998110771179
2.464985994397759,0.9906955361366272
2.471988795518207,0.9907909631729126
2.478991596638656,0.9908857345581055
2.485994397759104,0.9909803271293640
2.492997198879552,0.9910743832588196
2.500000000000000,0.9911678433418274
2.507002801120448,0.9912600517272949
2.514005602240896,0.9913508892059326
2.521008403361344,0.9914410114288330
2.528011204481793,0.9915301203727722
2.535014005602241,0.9916185736656189
2.542016806722689,0.9917061328887939
2.549019607843138,0.9917929768562317
2.556022408963586,0.9918791651725769
2.563025210084034,0.9919646978378296
2.570028011204482,0.9920495748519897
2.577030812324930,0.9921336770057678
2.584033613445378,0.9922170639038086
2.591036414565826,0.9923000335693359
2.598039215686275,0.9923819899559021
2.605042016806723,0.9924635887145996
2.612044817927171,0.9925447702407837
2.619047619047619,0.9926251769065857
2.626050420168067,0.9927049279212952
2.633053221288515,0.9927839636802673
2.640056022408964,0.9928626418113708
2.647058823529412,0.9929406642913818
2.654061624649860,0.9930182099342346
2.661064425770308,0.9930950999259949
2.668067226890757,0.9931715726852417
2.675070028011205,0.9932474493980408
2.682072829131653,0.9933227300643921
2.689075630252101,0.9933975338935852
2.696078431372549,0.9934716224670410
2.703081232492997,0.9935454726219177
2.710084033613446,0.9936186671257019
2.717086834733894,0.9936912655830383
2.724089635854342,0.9937636256217957
2.731092436974790,0.9938354492187500
2.738095238095238,0.9939068555831909
2.745098039215686,0.9939776659011841
2.752100840336134,0.9940479993820190
2.759103641456583,0.9941182136535645
2.766106442577031,0.9941876530647278
2.773109243697479,0.9942566156387329
2.780112044817927,0.9943249821662903
2.787114845938376,0.9943931698799133
2.794117647058824,0.9944609999656677
2.801120448179272,0.9945281147956848
2.808123249299720,0.9945949912071228
2.815126050420168,0.9946612119674683
2.822128851540616,0.9947273135185242
2.829131652661065,0.9947930574417114
2.836134453781513,0.9948580861091614
2.843137254901961,0.9949229955673218
2.850140056022409,0.9949872493743896
2.857142857142857,0.9950512647628784
2.864145658263305,0.9951148629188538
2.871148459383754,0.9951780438423157
2.878151260504202,0.9952410459518433
2.885154061624650,0.9953035116195679
2.892156862745098,0.9953656196594238
2.899159663865546,0.9954273104667664
2.906162464985995,0.9954888820648193
2.913165266106443,0.9955500960350037
2.920168067226891,0.9956107139587402
2.927170868347339,0.9956711530685425
2.934173669467787,0.9957311749458313
2.941176470588236,0.9957909584045410
2.948179271708684,0.9958503246307373
2.955182072829132,0.9959093928337097
2.962184873949580,0.9959681630134583
2.969187675070028,0.9960264563560486
2.976190476190476,0.9960845112800598
2.983193277310924,0.9961420297622681
2.990196078431373,0.9961994886398315
2.997198879551821,0.9962565898895264
3.004201680672269,0.9963132143020630
3.011204481792717,0.9963697195053101
3.018207282913165,0.9964258074760437
3.025210084033613,0.9964818954467773
3.032212885154062,0.9965375661849976
3.039215686274510,0.9965929388999939
3.046218487394958,0.9966482520103455
3.053221288515406,0.9967030882835388
3.060224089635855,0.9967579245567322
3.067226890756303,0.9968123435974121
3.074229691876751,0.9968664646148682
3.081232492997199,0.9969203472137451
3.088235294117647,0.9969736933708191
3.095238095238095,0.9970269203186035
3.102240896358543,0.9970797896385193
3.109243697478992,0.9971325993537903
3.116246498599440,0.9971850514411926
3.123249299719888,0.9972372651100159
3.130252100840336,0.9972894787788391
3.137254901960784,0.9973411560058594
3.144257703081232,0.9973927736282349
3.151260504201681,0.9974439740180969
3.158263305322129,0.9974950551986694
3.165266106442577,0.9975460767745972
3.172268907563025,0.9975965619087219
3.179271708683474,0.9976471662521362
3.186274509803922,0.9976974129676819
3.193277310924370,0.9977474212646484
3.200280112044818,0.9977973699569702
3.207282913165266,0.9978469014167786
3.214285714285714,0.9978964924812317
3.221288515406163,0.9979457259178162
3.228291316526611,0.9979948997497559
3.235294117647059,0.9980439543724060
3.242296918767507,0.9980928301811218
3.249299719887955,0.9981417059898376
3.256302521008403,0.9981902837753296
3.263305322128851,0.9982388615608215
3.270308123249300,0.9982872605323792
3.277310924369748,0.9983355402946472
3.284313725490196,0.9983837604522705
3.291316526610645,0.9984315633773804
3.298319327731093,0.9984793066978455
3.305322128851541,0.9985267519950867
3.312324929971989,0.9985740780830383
3.319327731092437,0.9986211657524109
3.326330532212885,0.9986682534217834
3.333333333333333,0.9987151622772217
3.340336134453782,0.9987618923187256
3.347338935574230,0.9988085627555847
3.354341736694678,0.9988551139831543
3.361344537815126,0.9989015460014343
3.368347338935574,0.9989480972290039
3.375350140056022,0.9989944100379944
3.382352941176471,0.9990408420562744
3.389355742296919,0.9990869760513306
3.396358543417367,0.9991331696510315
3.403361344537815,0.9991790652275085
3.410364145658264,0.9992249011993408
3.417366946778712,0.9992706179618835
3.424369747899160,0.9993162155151367
3.431372549019608,0.9993618130683899
3.438375350140056,0.9994074702262878
3.445378151260504,0.9994533658027649
3.452380952380953,0.9994992017745972
3.459383753501401,0.9995450377464294
3.466386554621849,0.9995908141136169
3.473389355742297,0.9996364116668701
3.480392156862745,0.9996818900108337
3.487394957983193,0.9997273683547974
3.494397759103641,0.9997728466987610
3.501400560224090,0.9998183250427246
3.508403361344538,0.9998637437820435
3.515406162464986,0.9999091029167175
3.522408963585434,0.9999545216560364
3.529411764705883,1.000000119209290
