0.000000000000000,0.02346326224505901
0.007002801120448180,0.07770489901304245
0.01400560224089636,0.1124380975961685
0.02100840336134454,0.1285182982683182
0.02801120448179272,0.1377674639225006
0.03501400560224090,0.1454463899135590
0.04201680672268908,0.1527700871229172
0.04901960784313725,0.1598271280527115
0.05602240896358544,0.1673508882522583
0.06302521008403361,0.1755693852901459
0.07002801120448179,0.1843222975730896
0.07703081232492998,0.1934509426355362
0.08403361344537816,0.2033428400754929
0.09103641456582634,0.2136115729808807
0.09803921568627451,0.2239573001861572
0.1050420168067227,0.2346760928630829
0.1120448179271709,0.2452100962400436
0.1190476190476191,0.2560057342052460
0.1260504201680672,0.2664582729339600
0.1330532212885154,0.2769204378128052
0.1400560224089636,0.2873730659484863
0.1470588235294118,0.2976049184799194
0.1540616246498600,0.3078141510486603
0.1610644257703081,0.3175652325153351
0.1680672268907563,0.3272003233432770
0.1750700280112045,0.3366484642028809
0.1820728291316527,0.3461671471595764
0.1890756302521008,0.3565077185630798
0.1960784313725490,0.3685031831264496
0.2030812324929972,0.3819903731346130
0.2100840336134454,0.3959119617938995
0.2170868347338936,0.4096011519432068
0.2240896358543417,0.4229102134704590
0.2310924369747899,0.4358189404010773
0.2380952380952381,0.4482837617397308
0.2450980392156863,0.4603448510169983
0.2521008403361344,0.4720275700092316
0.2591036414565827,0.4833737313747406
0.2661064425770308,0.4944196045398712
0.2731092436974790,0.5051683783531189
0.2801120448179272,0.5156325697898865
0.2871148459383754,0.5258355736732483
0.2941176470588235,0.5357899665832520
0.3011204481792717,0.5454929471015930
0.3081232492997199,0.5549600720405579
0.3151260504201681,0.5642036795616150
0.3221288515406163,0.5732253789901733
0.3291316526610644,0.5820294022560120
0.3361344537815126,0.5906218886375427
0.3431372549019608,0.5990015864372253
0.3501400560224090,0.6071759462356567
0.3571428571428572,0.6151560544967651
0.3641456582633054,0.6229384541511536
0.3711484593837535,0.6305335760116577
0.3781512605042017,0.6379622817039490
0.3851540616246499,0.6452263593673706
0.3921568627450980,0.6523333787918091
0.3991596638655462,0.6592879295349121
0.4061624649859944,0.6661021709442139
0.4131652661064426,0.6727704405784607
0.4201680672268908,0.6792840361595154
0.4271708683473390,0.6856564879417419
0.4341736694677871,0.6918864250183105
0.4411764705882353,0.6979776620864868
0.4481792717086835,0.7039269208908081
0.4551820728291316,0.7097331881523132
0.4621848739495799,0.7154021263122559
0.4691876750700280,0.7209370732307434
0.4761904761904762,0.7263466715812683
0.4831932773109244,0.7316276431083679
0.4901960784313726,0.7367818355560303
0.4971988795518207,0.7418200969696045
0.5042016806722689,0.7467380166053772
0.5112044817927172,0.7515354752540588
0.5182072829131653,0.7562231421470642
0.5252100840336135,0.7608034610748291
0.5322128851540616,0.7652754187583923
0.5392156862745098,0.7696388959884644
0.5462184873949580,0.7739005684852600
0.5532212885154062,0.7780650258064270
0.5602240896358543,0.7821322083473206
0.5672268907563025,0.7861034870147705
0.5742296918767508,0.7899801731109619
0.5812324929971989,0.7937672734260559
0.5882352941176471,0.7974711060523987
0.5952380952380952,0.8010900020599365
0.6022408963585434,0.8046224117279053
0.6092436974789917,0.8080741167068481
0.6162464985994398,0.8114495873451233
0.6232492997198880,0.8147475123405457
0.6302521008403361,0.8179682493209839
0.6372549019607844,0.8211182355880737
0.6442577030812325,0.8241981863975525
0.6512605042016807,0.8272082209587097
0.6582633053221288,0.8301523923873901
0.6652661064425771,0.8330322504043579
0.6722689075630253,0.8358479738235474
0.6792717086834734,0.8386008143424988
0.6862745098039216,0.8412902355194092
0.6932773109243697,0.8439189195632935
0.7002801120448180,0.8464908003807068
0.7072829131652661,0.8490094542503357
0.7142857142857143,0.8514746427536011
0.7212885154061625,0.8538832068443298
0.7282913165266107,0.8562405109405518
0.7352941176470589,0.8585487604141235
0.7422969187675070,0.8608073592185974
0.7492997198879552,0.8630177378654480
0.7563025210084033,0.8651810884475708
0.7633053221288516,0.8672984838485718
0.7703081232492998,0.8693704009056091
0.7773109243697479,0.8713998794555664
0.7843137254901961,0.8733881711959839
0.7913165266106443,0.8753347992897034
0.7983193277310925,0.8772413730621338
0.8053221288515406,0.8791082501411438
0.8123249299719888,0.8809356689453125
0.8193277310924371,0.8827260136604309
0.8263305322128852,0.8844816088676453
0.8333333333333334,0.8862025737762451
0.8403361344537815,0.8878883719444275
0.8473389355742297,0.8895398378372192
0.8543417366946779,0.8911577463150024
0.8613445378151261,0.8927425146102905
0.8683473389355743,0.8942959904670715
0.8753501400560224,0.8958200216293335
0.8823529411764707,0.8973143100738525
0.8893557422969188,0.8987793326377869
0.8963585434173670,0.9002161026000977
0.9033613445378151,0.9016250967979431
0.9103641456582633,0.9030070900917053
0.9173669467787116,0.9043634533882141
0.9243697478991597,0.9056938886642456
0.9313725490196079,0.9069983959197998
0.9383753501400560,0.9082782864570618
0.9453781512605043,0.9095346927642822
0.9523809523809524,0.9107672572135925
0.9593837535014006,0.9119769334793091
0.9663865546218487,0.9131652116775513
0.9733893557422969,0.9143314361572266
0.9803921568627452,0.9154756069183350
0.9873949579831933,0.9165987968444824
0.9943977591036415,0.9177019000053406
1.001400560224090,0.9187855124473572
1.008403361344538,0.9198499917984009
1.015406162464986,0.9208951592445374
1.022408963585434,0.9219210743904114
1.029411764705882,0.9229291677474976
1.036414565826331,0.9239197373390198
1.043417366946779,0.9248923659324646
1.050420168067227,0.9258478879928589
1.057422969187675,0.9267871975898743
1.064425770308123,0.9277105927467346
1.071428571428571,0.9286180734634399
1.078431372549020,0.9295101165771484
1.085434173669468,0.9303874969482422
1.092436974789916,0.9312497973442078
1.099439775910364,0.9320973157882690
1.106442577030812,0.9329303503036499
1.113445378151261,0.9337494373321533
1.120448179271709,0.9345552921295166
1.127450980392157,0.9353480935096741
1.134453781512605,0.9361277222633362
1.141456582633053,0.9368942975997925
1.148459383753502,0.9376486539840698
1.155462184873950,0.9383909106254578
1.162464985994398,0.9391208291053772
1.169467787114846,0.9398391842842102
1.176470588235294,0.9405463933944702
1.183473389355742,0.9412420392036438
1.190476190476190,0.9419264197349548
1.197478991596639,0.9426001310348511
1.204481792717087,0.9432635903358459
1.211484593837535,0.9439167976379395
1.218487394957983,0.9445598721504211
1.225490196078431,0.9451930522918701
1.232492997198880,0.9458163380622864
1.239495798319328,0.9464300870895386
1.246498599439776,0.9470346570014954
1.253501400560224,0.9476298689842224
1.260504201680672,0.9482160806655884
1.267507002801121,0.9487937092781067
1.274509803921569,0.9493626356124878
1.281512605042017,0.9499229788780212
1.288515406162465,0.9504751563072205
1.295518207282913,0.9510193467140198
1.302521008403361,0.9515554904937744
1.309523809523810,0.9520837068557739
1.316526610644258,0.9526044130325317
1.323529411764706,0.9531175494194031
1.330532212885154,0.9536234140396118
1.337535014005602,0.9541221857070923
1.344537815126051,0.9546136856079102
1.351540616246499,0.9550980925559998
1.358543417366947,0.9555757045745850
1.365546218487395,0.9560466408729553
1.372549019607843,0.9565108418464661
1.379551820728291,0.9569685459136963
1.386554621848739,0.9574201107025146
1.393557422969188,0.9578653573989868
1.400560224089636,0.9583044648170471
1.407563025210084,0.9587377905845642
1.414565826330532,0.9591651558876038
1.421568627450980,0.9595866203308105
1.428571428571429,0.9600024223327637
1.435574229691877,0.9604127407073975
1.442577030812325,0.9608175754547119
1.449579831932773,0.9612171053886414
1.456582633053221,0.9616114497184753
1.463585434173670,0.9620003700256348
1.470588235294118,0.9623841643333435
1.477591036414566,0.9627631306648254
1.484593837535014,0.9631370902061462
1.491596638655462,0.9635061025619507
1.498599439775910,0.9638704657554626
1.505602240896359,0.9642302989959717
1.512605042016807,0.9645854830741882
1.519607843137255,0.9649361371994019
1.526610644257703,0.9652824401855469
1.533613445378151,0.9656242728233337
1.540616246498600,0.9659616947174072
1.547619047619048,0.9662950038909912
1.554621848739496,0.9666241407394409
1.561624649859944,0.9669491648674011
1.568627450980392,0.9672704339027405
1.575630252100840,0.9675877690315247
1.582633053221289,0.9679010510444641
1.589635854341737,0.9682105183601379
1.596638655462185,0.9685162901878357
1.603641456582633,0.9688183069229126
1.610644257703081,0.9691166877746582
1.617647058823529,0.9694116115570068
1.624649859943978,0.9697030186653137
1.631652661064426,0.9699909090995789
1.638655462184874,0.9702754616737366
1.645658263305322,0.9705567359924316
1.652661064425770,0.9708346724510193
1.659663865546219,0.9711093902587891
1.666666666666667,0.9713809490203857
1.673669467787115,0.9716492891311646
1.680672268907563,0.9719145298004150
1.687675070028011,0.9721769094467163
1.694677871148459,0.9724363088607788
1.701680672268908,0.9726927280426025
1.708683473389356,0.9729462862014771
1.715686274509804,0.9731969833374023
1.722689075630252,0.9734447598457336
1.729691876750700,0.9736897945404053
1.736694677871149,0.9739322066307068
1.743697478991597,0.9741719365119934
1.750700280112045,0.9744089841842651
1.757703081232493,0.9746435284614563
1.764705882352941,0.9748754501342773
1.771708683473390,0.9751048684120178
1.778711484593838,0.9753318428993225
1.785714285714286,0.9755563735961914
1.792717086834734,0.9757784605026245
1.799719887955182,0.9759981632232666
1.806722689075630,0.9762156009674072
1.813725490196078,0.9764307141304016
1.820728291316527,0.9766435623168945
1.827731092436975,0.9768542647361755
1.834733893557423,0.9770627021789551
1.841736694677871,0.9772689342498779
1.848739495798319,0.9774730205535889
1.855742296918768,0.9776750206947327
1.862745098039216,0.9778749942779541
1.869747899159664,0.9780729413032532
1.876750700280112,0.9782689213752747
1.883753501400560,0.9784628152847290
1.890756302521009,0.9786548018455505
1.897759103641457,0.9788449406623840
1.904761904761905,0.9790331125259399
1.911764705882353,0.9792194366455078
1.918767507002801,0.9794039130210876
1.925770308123249,0.9795866012573242
1.932773109243697,0.9797675013542175
1.939775910364146,0.9799466133117676
1.946778711484594,0.9801240563392639
1.953781512605042,0.9802997708320618
1.960784313725490,0.9804738163948059
1.967787114845938,0.9806461930274963
1.974789915966387,0.9808169007301331
1.981792717086835,0.9809859991073608
1.988795518207283,0.9811535477638245
1.995798319327731,0.9813195466995239
2.002801120448179,0.9814839363098145
2.009803921568627,0.9816468954086304
2.016806722689076,0.9818083643913269
2.023809523809524,0.9819682836532593
2.030812324929972,0.9821267724037170
2.037815126050420,0.9822838306427002
2.044817927170869,0.9824394583702087
2.051820728291317,0.9825936555862427
2.058823529411765,0.9827464818954468
2.065826330532213,0.9828980565071106
2.072829131652661,0.9830482602119446
2.079831932773109,0.9831971526145935
2.086834733893558,0.9833447337150574
2.093837535014006,0.9834910631179810
2.100840336134454,0.9836361408233643
2.107843137254902,0.9837799668312073
2.114845938375350,0.9839226007461548
2.121848739495798,0.9840639829635620
2.128851540616246,0.9842042922973633
2.135854341736695,0.9843433499336243
2.142857142857143,0.9844812154769897
2.149859943977591,0.9846180677413940
2.156862745098039,0.9847537279129028
2.163865546218488,0.9848883748054504
2.170868347338936,0.9850218296051025
2.177871148459384,0.9851542711257935
2.184873949579832,0.9852857589721680
2.191876750700280,0.9854161143302917
2.198879551820728,0.9855455756187439
2.205882352941177,0.9856739044189453
2.212885154061625,0.9858013391494751
2.219887955182073,0.9859278798103333
2.226890756302521,0.9860534071922302
2.233893557422969,0.9861780405044556
2.240896358543417,0.9863016605377197
2.247899159663866,0.9864245653152466
2.254901960784314,0.9865464568138123
2.261904761904762,0.9866674542427063
2.268907563025210,0.9867877364158630
2.275910364145658,0.9869070649147034
2.282913165266106,0.9870255589485168
2.289915966386555,0.9871432781219482
2.296918767507003,0.9872601628303528
2.303921568627451,0.9873763918876648
2.310924369747899,0.9874917268753052
2.317927170868348,0.9876064062118530
2.324929971988796,0.9877203106880188
2.331932773109244,0.9878335595130920
2.338935574229692,0.9879460930824280
2.345938375350140,0.9880578517913818
2.352941176470588,0.9881690740585327
2.359943977591036,0.9882796406745911
2.366946778711485,0.9883896112442017
2.373949579831933,0.9884988069534302
2.380952380952381,0.9886074066162109
2.387955182072829,0.9887155890464783
2.394957983193277,0.9888230562210083
2.401960784313725,0.9889299869537354
2.408963585434174,0.9890363216400146
2.415966386554622,0.9891421794891357
2.422969187675070,0.9892475605010986
2.429971988795518,0.9893524050712585
2.436974789915967,0.9894568324089050
2.443977591036415,0.9895606637001038
2.450980392156863,0.9896642565727234
2.457983193277311,0.9897673726081848
2.464985994397759,0.9898700118064880
2.471988795518207,0.9899723529815674
2.478991596638656,0.9900740981101990
2.485994397759104,0.9901757240295410
2.492997198879552,0.9902766942977905
2.500000000000000,0.9903770089149475
2.507002801120448,0.9904760122299194
2.514005602240896,0.9905736446380615
2.521008403361344,0.9906703829765320
2.528011204481793,0.9907659888267517
2.535014005602241,0.9908609986305237
2.542016806722689,0.9909550547599792
2.549019607843138,0.9910482764244080
2.556022408963586,0.9911407828330994
2.563025210084034,0.9912325739860535
2.570028011204482,0.9913237690925598
2.577030812324930,0.9914141297340393
2.584033613445378,0.9915036559104919
2.591036414565826,0.9915928840637207
2.598039215686275,0.9916809797286987
2.605042016806723,0.9917685985565186
2.612044817927171,0.9918557405471802
2.619047619047619,0.9919422268867493
2.626050420168067,0.9920279979705811
2.633053221288515,0.9921129941940308
2.640056022408964,0.9921976327896118
2.647058823529412,0.9922815561294556
2.654061624649860,0.9923650026321411
2.661064425770308,0.9924476742744446
2.668067226890757,0.9925299882888794
2.675070028011205,0.9926117062568665
2.682072829131653,0.9926927089691162
2.689075630252101,0.9927733540534973
2.696078431372549,0.9928532838821411
2.703081232492997,0.9929330348968506
2.710084033613446,0.9930121302604675
2.717086834733894,0.9930904507637024
2.724089635854342,0.9931684732437134
2.731092436974790,0.9932458996772766
2.738095238095238,0.9933229088783264
2.745098039215686,0.9933992028236389
2.752100840336134,0.9934750199317932
2.759103641456583,0.9935508370399475
2.766106442577031,0.9936257600784302
2.773109243697479,0.9937002658843994
2.780112044817927,0.9937741160392761
2.787114845938376,0.9938478469848633
2.794117647058824,0.9939212203025818
2.801120448179272,0.9939936995506287
2.808123249299720,0.9940659999847412
2.815126050420168,0.9941375851631165
2.822128851540616,0.9942090511322021
2.829131652661065,0.9942800998687744
2.836134453781513,0.9943504333496094
2.843137254901961,0.9944207072257996
2.850140056022409,0.9944902062416077
2.857142857142857,0.9945594072341919
2.864145658263305,0.9946282505989075
2.871148459383754,0.9946967363357544
2.878151260504202,0.9947649836540222
2.885154061624650,0.9948325753211975
2.892156862745098,0.9948998689651489
2.899159663865546,0.9949668049812317
2.906162464985995,0.9950335025787354
2.913165266106443,0.9950998425483704
2.920168067226891,0.9951657056808472
2.927170868347339,0.9952313303947449
2.934173669467787,0.9952964186668396
2.941176470588236,0.9953613281250000
2.948179271708684,0.9954257011413574
2.955182072829132,0.9954898357391357
2.962184873949580,0.9955536127090454
2.969187675070028,0.9956170320510864
2.976190476190476,0.9956803321838379
2.983193277310924,0.9957429766654968
2.990196078431373,0.9958055615425110
2.997198879551821,0.9958678483963013
3.004201680672269,0.9959295988082886
3.011204481792717,0.9959912300109863
3.018207282913165,0.9960523843765259
3.025210084033613,0.9961134791374207
3.032212885154062,0.9961741566658020
3.039215686274510,0.9962345361709595
3.046218487394958,0.9962947964668274
3.053221288515406,0.9963545203208923
3.060224089635855,0.9964142441749573
3.067226890756303,0.9964735507965088
3.074229691876751,0.9965326189994812
3.081232492997199,0.9965916275978088
3.088235294117647,0.9966501593589783
3.095238095238095,0.9967087507247925
3.102240896358543,0.9967670440673828
3.109243697478992,0.9968253374099731
3.116246498599440,0.9968833923339844
3.123249299719888,0.9969410896301270
3.130252100840336,0.9969987869262695
3.137254901960784,0.9970557689666748
3.144257703081232,0.9971126317977905
3.151260504201681,0.9971690177917480
3.158263305322129,0.9972251057624817
3.165266106442577,0.9972811937332153
3.172268907563025,0.9973366856575012
3.179271708683474,0.9973923563957214
3.186274509803922,0.9974476695060730
3.193277310924370,0.9975028634071350
3.200280112044818,0.9975580573081970
3.207282913165266,0.9976126551628113
3.214285714285714,0.9976673722267151
3.221288515406163,0.9977216124534607
3.228291316526611,0.9977757334709167
3.235294117647059,0.9978296756744385
3.242296918767507,0.9978833794593811
3.249299719887955,0.9979371428489685
3.256302521008403,0.9979906082153320
3.263305322128851,0.9980441927909851
3.270308123249300,0.9980976581573486
3.277310924369748,0.9981510043144226
3.284313725490196,0.9982044696807861
3.291316526610645,0.9982575178146362
3.298319327731093,0.9983107447624207
3.305322128851541,0.9983636736869812
3.312324929971989,0.9984166622161865
3.319327731092437,0.9984694123268127
3.326330532212885,0.9985221028327942
3.333333333333333,0.9985746741294861
3.340336134453782,0.9986269474029541
3.347338935574230,0.9986790418624878
3.354341736694678,0.9987308979034424
3.361344537815126,0.9987824559211731
3.368347338935574,0.9988340139389038
3.375350140056022,0.9988850951194763
3.382352941176471,0.9989362955093384
3.389355742296919,0.9989871382713318
3.396358543417367,0.9990380406379700
3.403361344537815,0.9990887641906738
3.410364145658264,0.9991394281387329
3.417366946778712,0.9991900324821472
3.424369747899160,0.9992405772209167
3.431372549019608,0.9992911219596863
3.438375350140056,0.9993415474891663
3.445378151260504,0.9993920326232910
3.452380952380953,0.9994425177574158
3.459383753501401,0.9994930028915405
3.466386554621849,0.9995434880256653
3.473389355742297,0.9995939731597900
3.480392156862745,0.9996444582939148
3.487394957983193,0.9996950030326843
3.494397759103641,0.9997455477714539
3.501400560224090,0.9997961521148682
3.508403361344538,0.9998469352722168
3.515406162464986,0.9998978972434998
3.522408963585434,0.9999489784240723
3.529411764705883,1.000000238418579
