3000.0 1.49e-05
3010.0 0.0003677
3020.0 0.0006275
3030.0 0.0074049
3040.0 0.0628402
3050.0 0.12777570000000002
3060.0 0.1857584
3070.0 0.2536963
3080.0 0.3232546
3090.0 0.40314190000000005
3100.0 0.48747039999999997
3110.0 0.4888989
3120.0 0.5775862
3130.0 0.6208371
3140.0 0.6529279
3150.0 0.6668845
3160.0 0.7011748
3170.0 0.7328027
3180.0 0.7589454999999999
3190.0 0.8040657
3200.0 0.8291273
3210.0 0.8364876
3220.0 0.8484106
3230.0 0.8591683
3240.0 0.8768863
3250.0 0.8929484999999999
3260.0 0.8978191
3270.0 0.9058997
3280.0 0.9115462
3290.0 0.9204705
3300.0 0.9300812999999999
3310.0 0.9345995
3320.0 0.9398765
3330.0 0.9417901999999999
3340.0 0.9465696
3350.0 0.9522107
3360.0 0.955952
3370.0 0.956027
3380.0 0.9633938000000001
3390.0 0.9662638
3400.0 0.968511
3410.0 0.9718266
3420.0 0.9704699999999999
3430.0 0.9749571
3440.0 0.9764556
3450.0 0.9796361
3460.0 0.9803645
3470.0 0.9811337
3480.0 0.9826069
3490.0 0.9831882000000001
3500.0 0.9844829
3510.0 0.9863252
3520.0 0.987524
3530.0 0.9870113
3540.0 0.9890968
3550.0 0.9858005
3560.0 0.9890956
3570.0 0.9877216
3580.0 0.9898921
3590.0 0.9915265
3600.0 0.9923528
3610.0 0.9927766
3620.0 0.9936642
3630.0 0.9922045
3640.0 0.9930439
3650.0 0.9940709
3660.0 0.9952110000000001
3670.0 0.99457
3680.0 0.9953728
3690.0 0.9948139
3700.0 0.9953947
3710.0 0.9965439
3720.0 0.996329
3730.0 0.9964726
3740.0 0.9968108
3750.0 0.9942811
3760.0 0.9931606
3770.0 0.9932438
3780.0 0.9937874999999999
3790.0 0.9968574
3800.0 0.9960213
3810.0 0.9976281
3820.0 0.9975563
3830.0 0.9986505
3840.0 0.9987391
3850.0 0.9950846
3860.0 0.9937654
3870.0 0.9949030999999999
3880.0 0.9990778
3890.0 0.9005620999999999
3900.0 0.5434865
3910.0 0.1669283
3920.0 0.0548802
3930.0 0.01992
3940.0 0.0061539
3950.0 0.0026601000000000003
3960.0 0.0012920000000000002
3970.0 0.0005278
3980.0 0.00028240000000000003
3990.0 0.0001746
4000.0 7.78e-05
4010.0 4.07e-05
4020.0 2.96e-05
4030.0 1.78e-05
4040.0 9.6e-06
4050.0 7.2999999999999996e-06
4060.0 5.500000000000001e-06
4070.0 2.8e-06
4080.0 1.8000000000000001e-06
4090.0 1.6000000000000001e-06
4100.0 1.2e-06
4110.0 7e-07
4120.0 6e-07
4130.0 6e-07
4140.0 3e-07
4150.0 2.0000000000000002e-07
4160.0 2.0000000000000002e-07
4170.0 2.0000000000000002e-07
4180.0 1.0000000000000001e-07
4190.0 1.0000000000000001e-07
4200.0 1.0000000000000001e-07
4210.0 1.0000000000000001e-07
4220.0 1.0000000000000001e-07
4230.0 0.0
4240.0 0.0
4250.0 1.0000000000000001e-07
4260.0 0.0
4270.0 0.0
4280.0 0.0
4290.0 0.0
4300.0 0.0
4310.0 0.0
4320.0 0.0
4330.0 0.0
4340.0 0.0
4350.0 0.0
4360.0 0.0
4370.0 0.0
4380.0 0.0
4390.0 0.0
4400.0 0.0
4410.0 0.0
4420.0 0.0
4430.0 0.0
4440.0 0.0
4450.0 0.0
4460.0 0.0
4470.0 0.0
4480.0 0.0
4490.0 0.0
4500.0 0.0
4510.0 0.0
4520.0 0.0
4530.0 0.0
4540.0 0.0
4550.0 1.0000000000000001e-07
4560.0 3e-07
4570.0 1.0000000000000001e-07
4580.0 1.0000000000000001e-07
4590.0 1.0000000000000001e-07
4600.0 1.0000000000000001e-07
4610.0 0.0
4620.0 0.0
4630.0 0.0
4640.0 1.0000000000000001e-07
4650.0 2.0000000000000002e-07
4660.0 1.0000000000000001e-07
4670.0 1.0000000000000001e-07
4680.0 1.0000000000000001e-07
4690.0 2.0000000000000002e-07
4700.0 2.0000000000000002e-07
4710.0 1.0000000000000001e-07
4720.0 1.0000000000000001e-07
4730.0 1.0000000000000001e-07
4740.0 3e-07
4750.0 5e-07
4760.0 2.0000000000000002e-07
4770.0 1.0000000000000001e-07
4780.0 1.0000000000000001e-07
4790.0 3e-07
4800.0 2.0000000000000002e-07
4810.0 3e-07
4820.0 2.0000000000000002e-07
4830.0 2.0000000000000002e-07
4840.0 7e-07
4850.0 2.8e-06
4860.0 3.1e-06
4870.0 1.7e-06
4880.0 1e-06
4890.0 2.5999999999999997e-06
4900.0 4.4e-06
4910.0 1.1900000000000001e-05
4920.0 9.6e-06
4930.0 8e-06
4940.0 1.27e-05
4950.0 2.02e-05
4960.0 3.19e-05
4970.0 3.75e-05
4980.0 4.8700000000000005e-05
4990.0 5.88e-05
5000.0 6.159999999999999e-05
5010.0 5.4499999999999997e-05
5020.0 4.68e-05
5030.0 4.2199999999999996e-05
5040.0 3.92e-05
5050.0 3.73e-05
5060.0 3.23e-05
5070.0 2.5799999999999997e-05
5080.0 1.98e-05
5090.0 1.58e-05
5100.0 1.38e-05
5110.0 1.33e-05
5120.0 1.43e-05
5130.0 1.7199999999999998e-05
5140.0 2.29e-05
5150.0 3.27e-05
5160.0 4.6299999999999994e-05
5170.0 5.95e-05
5180.0 6.14e-05
5190.0 5.26e-05
5200.0 3.73e-05
5210.0 2.2599999999999997e-05
5220.0 1.34e-05
5230.0 7.699999999999999e-06
5240.0 5.1e-06
5250.0 3.5e-06
5260.0 2.8e-06
5270.0 2.4e-06
5280.0 2.1000000000000002e-06
5290.0 2.1000000000000002e-06
5300.0 2.1000000000000002e-06
5310.0 2.3e-06
5320.0 2.7e-06
5330.0 3.1e-06
5340.0 3.5e-06
5350.0 3.9e-06
5360.0 4.2999999999999995e-06
5370.0 4.7e-06
5380.0 5.199999999999999e-06
5390.0 6.2e-06
5400.0 7.9e-06
5410.0 1.11e-05
5420.0 1.7500000000000002e-05
5430.0 2.91e-05
5440.0 4e-05
5450.0 3.5799999999999996e-05
5460.0 2.5500000000000003e-05
5470.0 1.88e-05
5480.0 1.5399999999999998e-05
5490.0 1.41e-05
5500.0 1.3899999999999999e-05
5510.0 1.43e-05
5520.0 1.4599999999999999e-05
5530.0 1.42e-05
5540.0 1.2899999999999998e-05
5550.0 1.12e-05
5560.0 9.9e-06
5570.0 9e-06
5580.0 8.7e-06
5590.0 9.1e-06
5600.0 1.02e-05
5610.0 1.25e-05
5620.0 1.6800000000000002e-05
5630.0 2.47e-05
5640.0 3.88e-05
5650.0 5.9800000000000003e-05
5660.0 7.5e-05
5670.0 6.98e-05
5680.0 5.65e-05
5690.0 4.64e-05
5700.0 4.09e-05
5710.0 3.84e-05
5720.0 3.77e-05
5730.0 3.73e-05
5740.0 3.6e-05
5750.0 3.35e-05
5760.0 3.01e-05
5770.0 2.69e-05
5780.0 2.45e-05
5790.0 2.32e-05
5800.0 2.31e-05
5810.0 2.4299999999999998e-05
5820.0 2.71e-05
5830.0 3.18e-05
5840.0 3.85e-05
5850.0 4.64e-05
5860.0 5.3099999999999996e-05
5870.0 5.4999999999999995e-05
5880.0 5.19e-05
5890.0 4.6299999999999994e-05
5900.0 4.1200000000000005e-05
5910.0 3.75e-05
5920.0 3.54e-05
5930.0 3.45e-05
5940.0 3.43e-05
5950.0 3.45e-05
5960.0 3.45e-05
5970.0 3.4099999999999995e-05
5980.0 3.33e-05
5990.0 3.25e-05
6000.0 3.21e-05
6010.0 3.26e-05
6020.0 3.42e-05
6030.0 3.72e-05
6040.0 4.1700000000000004e-05
6050.0 4.7000000000000004e-05
6060.0 5.1200000000000004e-05
6070.0 5.15e-05
6080.0 4.7000000000000004e-05
6090.0 3.9899999999999994e-05
6100.0 3.31e-05
6110.0 2.79e-05
6120.0 2.44e-05
6130.0 2.24e-05
6140.0 2.17e-05
6150.0 2.2000000000000003e-05
6160.0 2.32e-05
6170.0 2.5200000000000003e-05
6180.0 2.74e-05
6190.0 2.91e-05
6200.0 2.89e-05
6210.0 2.66e-05
6220.0 2.31e-05
6230.0 1.95e-05
6240.0 1.65e-05
6250.0 1.42e-05
6260.0 1.27e-05
6270.0 1.17e-05
6280.0 1.12e-05
6290.0 1.12e-05
6300.0 1.15e-05
6310.0 1.2299999999999999e-05
6320.0 1.37e-05
6330.0 1.57e-05
6340.0 1.86e-05
6350.0 2.28e-05
6360.0 2.8800000000000002e-05
6370.0 3.68e-05
6380.0 4.65e-05
6390.0 5.5700000000000005e-05
6400.0 6.02e-05
6410.0 5.7600000000000004e-05
6420.0 5.02e-05
6430.0 4.2e-05
6440.0 3.51e-05
6450.0 3e-05
6460.0 2.65e-05
6470.0 2.4299999999999998e-05
6480.0 2.3e-05
6490.0 2.2599999999999997e-05
6500.0 2.28e-05
6510.0 2.36e-05
6520.0 2.48e-05
6530.0 2.63e-05
6540.0 2.7799999999999998e-05
6550.0 2.91e-05
6560.0 3.0200000000000002e-05
6570.0 3.11e-05
6580.0 3.2e-05
6590.0 3.32e-05
6600.0 3.51e-05
6610.0 3.82e-05
6620.0 4.3e-05
6630.0 4.9699999999999995e-05
6640.0 5.83e-05
6650.0 6.69e-05
6660.0 7.11e-05
6670.0 6.720000000000001e-05
6680.0 5.69e-05
6690.0 4.56e-05
6700.0 3.64e-05
6710.0 3e-05
6720.0 2.5799999999999997e-05
6730.0 2.3500000000000002e-05
6740.0 2.2599999999999997e-05
6750.0 2.31e-05
6760.0 2.51e-05
6770.0 2.9199999999999998e-05
6780.0 3.63e-05
6790.0 4.8100000000000004e-05
6800.0 6.54e-05
6810.0 8.240000000000001e-05
6820.0 8.319999999999999e-05
6830.0 6.610000000000001e-05
6840.0 4.74e-05
6850.0 3.45e-05
6860.0 2.6700000000000002e-05
6870.0 2.2300000000000003e-05
6880.0 2.02e-05
6890.0 1.97e-05
6900.0 2.1e-05
6910.0 2.45e-05
6920.0 3.21e-05
6930.0 4.78e-05
6940.0 7.92e-05
6950.0 0.0001079
6960.0 7.29e-05
6970.0 3.52e-05
6980.0 1.82e-05
6990.0 1.06e-05
7000.0 6.9e-06
7010.0 4.9e-06
7020.0 3.7e-06
7030.0 2.9e-06
7040.0 2.5e-06
7050.0 2.2e-06
7060.0 2e-06
7070.0 1.8000000000000001e-06
7080.0 1.8000000000000001e-06
7090.0 1.8000000000000001e-06
7100.0 1.9e-06
7110.0 2e-06
7120.0 2.2e-06
7130.0 2.5e-06
7140.0 2.9999999999999997e-06
7150.0 3.6000000000000003e-06
7160.0 4.6e-06
7170.0 5.999999999999999e-06
7180.0 8e-06
7190.0 1.1000000000000001e-05
7200.0 1.49e-05
7210.0 1.93e-05
7220.0 2.31e-05
7230.0 2.5200000000000003e-05
7240.0 2.5500000000000003e-05
7250.0 2.5e-05
7260.0 2.49e-05
7270.0 2.5500000000000003e-05
7280.0 2.74e-05
7290.0 3.1e-05
7300.0 3.68e-05
7310.0 4.47e-05
7320.0 5.2900000000000005e-05
7330.0 5.58e-05
7340.0 4.91e-05
7350.0 3.74e-05
7360.0 2.69e-05
7370.0 1.95e-05
7380.0 1.4599999999999999e-05
7390.0 1.14e-05
7400.0 9.4e-06
7410.0 8e-06
7420.0 7.1e-06
7430.0 6.5e-06
7440.0 6.2e-06
7450.0 6.1e-06
7460.0 6.2e-06
7470.0 6.5e-06
7480.0 7.1e-06
7490.0 7.8e-06
7500.0 9e-06
7510.0 1.06e-05
7520.0 1.2800000000000001e-05
7530.0 1.58e-05
7540.0 1.98e-05
7550.0 2.47e-05
7560.0 3.03e-05
7570.0 3.54e-05
7580.0 3.88e-05
7590.0 3.98e-05
7600.0 3.88e-05
7610.0 3.7000000000000005e-05
7620.0 3.51e-05
7630.0 3.37e-05
7640.0 3.31e-05
7650.0 3.31e-05
7660.0 3.37e-05
7670.0 3.48e-05
7680.0 3.62e-05
7690.0 3.72e-05
7700.0 3.75e-05
7710.0 3.65e-05
7720.0 3.43e-05
7730.0 3.12e-05
7740.0 2.77e-05
7750.0 2.44e-05
7760.0 2.15e-05
7770.0 1.92e-05
7780.0 1.74e-05
7790.0 1.6e-05
7800.0 1.5100000000000001e-05
7810.0 1.47e-05
7820.0 1.4499999999999998e-05
7830.0 1.48e-05
7840.0 1.55e-05
7850.0 1.67e-05
7860.0 1.8500000000000002e-05
7870.0 2.1099999999999998e-05
7880.0 2.47e-05
7890.0 2.9900000000000002e-05
7900.0 3.71e-05
7910.0 4.66e-05
7920.0 5.78e-05
7930.0 6.81e-05
7940.0 7.28e-05
7950.0 6.93e-05
7960.0 6e-05
7970.0 4.9500000000000004e-05
7980.0 4.0499999999999995e-05
7990.0 3.3600000000000004e-05
8000.0 2.85e-05
8010.0 2.49e-05
8020.0 2.24e-05
8030.0 2.07e-05
8040.0 1.97e-05
8050.0 1.93e-05
8060.0 1.93e-05
8070.0 1.99e-05
8080.0 2.1e-05
8090.0 2.2599999999999997e-05
8100.0 2.5e-05
8110.0 2.83e-05
8120.0 3.26e-05
8130.0 3.82e-05
8140.0 4.49e-05
8150.0 5.2300000000000004e-05
8160.0 5.92e-05
8170.0 6.34e-05
8180.0 6.33e-05
8190.0 5.9e-05
8200.0 5.21e-05
8210.0 4.45e-05
8220.0 3.76e-05
8230.0 3.19e-05
8240.0 2.73e-05
8250.0 2.37e-05
8260.0 2.0799999999999997e-05
8270.0 1.87e-05
8280.0 1.7e-05
8290.0 1.57e-05
8300.0 1.47e-05
8310.0 1.4e-05
8320.0 1.3500000000000001e-05
8330.0 1.32e-05
8340.0 1.31e-05
8350.0 1.33e-05
8360.0 1.36e-05
8370.0 1.41e-05
8380.0 1.49e-05
8390.0 1.6e-05
8400.0 1.74e-05
8410.0 1.93e-05
8420.0 2.15e-05
8430.0 2.42e-05
8440.0 2.73e-05
8450.0 3.04e-05
8460.0 3.32e-05
8470.0 3.51e-05
8480.0 3.55e-05
8490.0 3.43e-05
8500.0 3.18e-05
8510.0 2.85e-05
8520.0 2.51e-05
8530.0 2.2000000000000003e-05
8540.0 1.92e-05
8550.0 1.69e-05
8560.0 1.49e-05
8570.0 1.33e-05
8580.0 1.21e-05
8590.0 1.1000000000000001e-05
8600.0 1.02e-05
8610.0 9.6e-06
8620.0 9.1e-06
8630.0 8.8e-06
8640.0 8.599999999999999e-06
8650.0 8.599999999999999e-06
8660.0 8.7e-06
8670.0 9e-06
8680.0 9.4e-06
8690.0 1e-05
8700.0 1.09e-05
8710.0 1.1900000000000001e-05
8720.0 1.31e-05
8730.0 1.42e-05
8740.0 1.5e-05
8750.0 1.52e-05
8760.0 1.4499999999999998e-05
8770.0 1.3e-05
8780.0 1.12e-05
8790.0 9.4e-06
8800.0 7.8e-06
8810.0 6.5e-06
8820.0 5.4e-06
8830.0 4.7e-06
8840.0 4.1e-06
8850.0 3.7e-06
8860.0 3.4e-06
8870.0 3.1e-06
8880.0 2.9999999999999997e-06
8890.0 2.9e-06
8900.0 2.9e-06
8910.0 2.9999999999999997e-06
8920.0 3.2000000000000003e-06
8930.0 3.4e-06
8940.0 3.7e-06
8950.0 4.2000000000000004e-06
8960.0 4.9e-06
8970.0 5.9e-06
8980.0 7.2000000000000005e-06
8990.0 9.1e-06
9000.0 1.1900000000000001e-05
9010.0 1.56e-05
9020.0 2.02e-05
9030.0 2.4299999999999998e-05
9040.0 2.5799999999999997e-05
9050.0 2.37e-05
9060.0 1.96e-05
9070.0 1.56e-05
9080.0 1.2299999999999999e-05
9090.0 1e-05
9100.0 8.2e-06
9110.0 7e-06
9120.0 6.1e-06
9130.0 5.500000000000001e-06
9140.0 5e-06
9150.0 4.7e-06
9160.0 4.5e-06
9170.0 4.5e-06
9180.0 4.6e-06
9190.0 4.8e-06
9200.0 5.199999999999999e-06
9210.0 5.9e-06
9220.0 7.1e-06
9230.0 9.2e-06
9240.0 1.31e-05
9250.0 2.12e-05
9260.0 3.91e-05
9270.0 5.83e-05
9280.0 3.5799999999999996e-05
9290.0 1.5399999999999998e-05
9300.0 7.4e-06
9310.0 4.1e-06
9320.0 2.5e-06
9330.0 1.6000000000000001e-06
9340.0 1.1e-06
9350.0 8.000000000000001e-07
9360.0 6e-07
9370.0 5e-07
9380.0 4.0000000000000003e-07
9390.0 3e-07
9400.0 3e-07
9410.0 2.0000000000000002e-07
9420.0 2.0000000000000002e-07
9430.0 2.0000000000000002e-07
9440.0 1.0000000000000001e-07
9450.0 1.0000000000000001e-07
9460.0 1.0000000000000001e-07
9470.0 1.0000000000000001e-07
9480.0 1.0000000000000001e-07
9490.0 1.0000000000000001e-07
9500.0 1.0000000000000001e-07
9510.0 1.0000000000000001e-07
9520.0 1.0000000000000001e-07
9530.0 1.0000000000000001e-07
9540.0 1.0000000000000001e-07
9550.0 1.0000000000000001e-07
9560.0 1.0000000000000001e-07
9570.0 1.0000000000000001e-07
9580.0 1.0000000000000001e-07
9590.0 1.0000000000000001e-07
9600.0 1.0000000000000001e-07
9610.0 1.0000000000000001e-07
9620.0 1.0000000000000001e-07
9630.0 1.0000000000000001e-07
9640.0 1.0000000000000001e-07
9650.0 1.0000000000000001e-07
9660.0 2.0000000000000002e-07
9670.0 2.0000000000000002e-07
9680.0 2.0000000000000002e-07
9690.0 2.0000000000000002e-07
9700.0 2.0000000000000002e-07
9710.0 3e-07
9720.0 3e-07
9730.0 4.0000000000000003e-07
9740.0 4.0000000000000003e-07
9750.0 5e-07
9760.0 6e-07
9770.0 7e-07
9780.0 8.000000000000001e-07
9790.0 1e-06
9800.0 1.2e-06
9810.0 1.4999999999999998e-06
9820.0 1.9e-06
9830.0 2.5e-06
9840.0 3.3e-06
9850.0 4.7e-06
9860.0 7.1e-06
9870.0 1.14e-05
9880.0 2.07e-05
9890.0 4.43e-05
9900.0 0.00011310000000000001
9910.0 0.00018849999999999997
9920.0 9.87e-05
9930.0 4.67e-05
9940.0 2.68e-05
9950.0 1.7899999999999998e-05
9960.0 1.32e-05
9970.0 1.05e-05
9980.0 8.9e-06
9990.0 7.9e-06
10000.0 7.2999999999999996e-06
10010.0 6.9e-06
10020.0 6.8e-06
10030.0 7e-06
10040.0 7.2999999999999996e-06
10050.0 7.8e-06
10060.0 8.7e-06
10070.0 1e-05
10080.0 1.18e-05
10090.0 1.4599999999999999e-05
10100.0 1.89e-05
10110.0 2.5600000000000002e-05
10120.0 3.68e-05
10130.0 5.62e-05
10140.0 8.840000000000001e-05
10150.0 0.0001269
10160.0 0.0001336
10170.0 0.0001004
10180.0 6.67e-05
10190.0 4.51e-05
10200.0 3.2200000000000003e-05
10210.0 2.44e-05
10220.0 1.94e-05
10230.0 1.6100000000000002e-05
10240.0 1.3899999999999999e-05
10250.0 1.24e-05
10260.0 1.1299999999999999e-05
10270.0 1.06e-05
10280.0 1.01e-05
10290.0 9.9e-06
10300.0 9.9e-06
10310.0 1e-05
10320.0 1.0300000000000001e-05
10330.0 1.09e-05
10340.0 1.16e-05
10350.0 1.2600000000000001e-05
10360.0 1.38e-05
10370.0 1.5399999999999998e-05
10380.0 1.7500000000000002e-05
10390.0 2.01e-05
10400.0 2.33e-05
10410.0 2.74e-05
10420.0 3.25e-05
10430.0 3.86e-05
10440.0 4.5900000000000004e-05
10450.0 5.4000000000000005e-05
10460.0 6.24e-05
10470.0 7.01e-05
10480.0 7.58e-05
10490.0 7.89e-05
10500.0 7.900000000000001e-05
10510.0 7.67e-05
10520.0 7.28e-05
10530.0 6.819999999999999e-05
10540.0 6.34e-05
10550.0 5.89e-05
10560.0 5.47e-05
10570.0 5.11e-05
10580.0 4.79e-05
10590.0 4.51e-05
10600.0 4.26e-05
10610.0 4.0499999999999995e-05
10620.0 3.86e-05
10630.0 3.7000000000000005e-05
10640.0 3.56e-05
10650.0 3.43e-05
10660.0 3.33e-05
10670.0 3.24e-05
10680.0 3.18e-05
10690.0 3.12e-05
10700.0 3.09e-05
10710.0 3.07e-05
10720.0 3.0799999999999996e-05
10730.0 3.1e-05
10740.0 3.15e-05
10750.0 3.23e-05
10760.0 3.33e-05
10770.0 3.47e-05
10780.0 3.65e-05
10790.0 3.87e-05
10800.0 4.15e-05
10810.0 4.49e-05
10820.0 4.9300000000000006e-05
10830.0 5.46e-05
10840.0 6.13e-05
10850.0 6.98e-05
10860.0 8.05e-05
10870.0 9.42e-05
10880.0 0.00011190000000000001
10890.0 0.0001348
10900.0 0.0001647
10910.0 0.0002035
10920.0 0.0002529
10930.0 0.00031329999999999997
10940.0 0.0003816
10950.0 0.00044790000000000005
10960.0 0.0004967
10970.0 0.0005144
10980.0 0.0004991
10990.0 0.00046080000000000003
11000.0 0.0004134
