5333.00000000053 0.0
5334.000000000531 0.0
5335.000000000531 0.0
5336.000000000531 0.0
5337.000000000531 0.0
5338.000000000531 0.0
5339.000000000532 0.0
5340.000000000532 0.0
5341.000000000532 0.0
5342.000000000533 0.0
5343.000000000533 0.0
5344.000000000533 0.0
5345.000000000533 0.0
5346.000000000533 0.0
5347.000000000534 0.0
5348.000000000534 0.0
5349.000000000534 0.0
5350.000000000535 0.0
5351.000000000535 0.0
5352.000000000535 0.0
5353.000000000535 0.0
5354.000000000535 0.0
5355.000000000536 0.0
5356.000000000536 0.0
5357.000000000536 0.0
5358.000000000537 0.0
5359.000000000537 0.0
5360.000000000537 0.0
5361.000000000537 0.0
5362.000000000537 0.0
5363.0000000005375 0.0
5364.0000000005375 0.0
5365.0000000005375 0.0
5366.000000000538 0.0
5367.000000000538 0.0
5368.000000000538 0.0
5369.000000000538 0.0
5370.000000000538 1.0120339159212357e-12
5371.000000000539 0.001878047356723984
5372.000000000539 0.0037560947124359342
5373.000000000539 0.005634142068148953
5374.00000000054 0.00751218942386197
5375.00000000054 0.00939023677957392
5376.00000000054 0.011268284135312558
5377.00000000054 0.01319575378986013
5378.00000000054 0.015123223444380956
5379.000000000541 0.017001270800092904
5380.000000000541 0.018879318155804854
5381.000000000541 0.020757365511516804
5382.000000000542 0.022635412867228755
5383.000000000542 0.024513460222941773
5384.000000000542 0.026391507578654792
5385.000000000542 0.02826955493436674
5386.000000000542 0.03014760229007869
5387.000000000543 0.03202564964579171
5388.000000000543 0.03390369700153158
5389.000000000543 0.03583116665607805
5390.000000000544 0.03775863631059767
5391.000000000544 0.039636683666309624
5392.000000000544 0.04151473102202158
5393.000000000544 0.043392778377734594
5394.000000000544 0.045270825733447616
5395.000000000545 0.04714887308915956
5396.000000000545 0.04902692044487151
5397.000000000545 0.05090496780058453
5398.000000000546 0.05278301515629755
5399.000000000546 0.0546610625120095
5400.000000000546 0.05653910986774842
5401.000000000546 0.05846657952229489
5402.000000000546 0.0603940491768144
5403.000000000547 0.06227209653252742
5404.000000000547 0.06415014388824043
5405.000000000547 0.06602819124395239
5406.0000000005475 0.06790623859966434
5407.0000000005475 0.06978428595537735
5408.0000000005475 0.07166233331109036
5409.0000000005475 0.07354038066680232
5410.0000000005475 0.07541842802251426
5411.000000000548 0.07729647537822622
5412.000000000548 0.07917452273396526
5413.000000000548 0.08110199238851283
5414.000000000549 0.08302946204303326
5415.000000000549 0.08490750939874521
5416.000000000549 0.08678555675445716
5417.000000000549 0.08866360411017017
5418.000000000549 0.0905416514658832
5419.00000000055 0.09241969882159515
5420.00000000055 0.09429774617834047
5421.00000000055 0.09805384088976436
5422.000000000551 0.10180993560121547
5423.000000000551 0.10561545261147605
5424.000000000551 0.10942096962170941
5425.000000000551 0.1131770643331333
5426.000000000551 0.1169331590445572
5427.000000000552 0.12068925375598324
5428.000000000552 0.12444534846743657
5429.000000000552 0.128250865477695
5430.000000000553 0.13205638248792612
5431.000000000553 0.13581247719935002
5432.000000000553 0.1395685719107739
5433.000000000553 0.14332466662219995
5434.000000000553 0.14708076133365333
5435.000000000554 0.15088627834391174
5436.000000000554 0.15469179535414285
5437.000000000554 0.15844789006556886
5438.000000000555 0.1622039847769949
5439.000000000555 0.1659600794884188
5440.000000000555 0.16971617419987012
5441.000000000555 0.17352169121012856
5442.000000000555 0.17732720822035955
5443.000000000556 0.1810833029317856
5444.000000000556 0.18483939764321164
5445.000000000556 0.18859549235463552
5446.000000000557 0.19235158706605943
5447.000000000557 0.19610768177748547
5448.000000000557 0.19986377648893902
5449.000000000557 0.20366929349919746
5450.000000000557 0.20747481050942837
5451.0000000005575 0.21123090522085228
5452.0000000005575 0.21498699993227616
5453.0000000005575 0.21874309464370217
5454.000000000558 0.2224991893551558
5455.000000000558 0.22630470636541422
5456.000000000558 0.23011022337564507
5457.000000000558 0.23386631808707112
5458.000000000558 0.23762241279849716
5459.000000000559 0.24137850750992104
5460.000000000559 0.24513460222137257
5461.000000000559 0.248940119231631
5462.00000000056 0.25274563624186175
5463.00000000056 0.2565017309532878
5464.00000000056 0.26025782566471384
5465.00000000056 0.26401392037613775
5466.00000000056 0.26777001508758935
5467.000000000561 0.2715755320978499
5468.000000000561 0.2753810491080828
5469.000000000561 0.2791371438195067
5470.000000000562 0.28289323853093057
5471.000000000562 0.28664933324235453
5472.000000000562 0.29040542795380614
5473.000000000562 0.29421094496406675
5474.000000000562 0.2980164619742995
5475.000000000563 0.3017725566857234
5476.000000000563 0.3055286513971473
5477.000000000563 0.3092847461085733
5478.000000000564 0.31304084082002726
5479.000000000564 0.3168463578302857
5480.000000000564 0.32065187484051627
5481.000000000564 0.3244079695519401
5482.000000000564 0.3281640642633641
5483.000000000565 0.33192015897479005
5484.000000000565 0.335676253686244
5485.000000000565 0.3394817706965025
5486.000000000566 0.34328728770673295
5487.000000000566 0.34704338241815896
5488.000000000566 0.350799477129585
5489.000000000566 0.35455557184100894
5490.000000000566 0.3583116665524608
5491.000000000567 0.3621171835627192
5492.000000000567 0.3659227005729496
5493.000000000567 0.3696787952843757
5494.0000000005675 0.37343488999580177
5495.0000000005675 0.3771909847072257
5496.0000000005675 0.3809470794186495
5497.0000000005675 0.3847031741300756
5498.0000000005675 0.3884592688415297
5499.000000000568 0.3922647858517881
5500.000000000568 0.39607030286201844
5501.000000000568 0.39982639757344235
5502.000000000569 0.40358249228486626
5503.000000000569 0.4073385869962923
5504.000000000569 0.4110946817077465
5505.000000000569 0.4149001987180049
5506.000000000569 0.4187057157282352
5507.00000000057 0.42246181043966125
5508.00000000057 0.4262179051510873
5509.00000000057 0.42997399986251117
5510.000000000571 0.4337300945739633
5511.000000000571 0.4375356115842217
5512.000000000571 0.44134112859445196
5513.000000000571 0.4450972233058779
5514.000000000571 0.44885331801730394
5515.000000000572 0.4526094127287279
5516.000000000572 0.45636550744018006
5517.000000000572 0.4601710244504406
5518.000000000573 0.46397654146067285
5519.000000000573 0.4677326361720968
5520.000000000573 0.47148873088352067
5521.000000000573 0.4752448255949446
5522.000000000573 0.4790009203063968
5523.000000000574 0.4828064373166574
5524.000000000574 0.48661195432688964
5525.000000000574 0.49036804903831355
5526.000000000575 0.4941241437497374
5527.000000000575 0.49788023846116347
5528.000000000575 0.5016363331726179
5529.000000000575 0.5054418501828764
5530.000000000575 0.5092473671931063
5531.000000000576 0.5130034619045302
5532.000000000576 0.5167595566159542
5533.000000000576 0.5205156513273801
5534.000000000577 0.5242717460388346
5535.000000000577 0.5280772630490931
5536.000000000577 0.531882780059323
5537.000000000577 0.535638874770749
5538.000000000577 0.539394969482175
5539.0000000005775 0.543151064193599
5540.0000000005775 0.5469071589050515
5541.0000000005775 0.5507126759153099
5542.000000000578 0.5545181929255398
5543.000000000578 0.5582742876369658
5544.000000000578 0.5620303823483919
5545.000000000578 0.5657864770598158
5546.000000000578 0.5695425717712397
5547.000000000579 0.5732986664826657
5548.000000000579 0.5770547611941204
5549.000000000579 0.5808602782043788
5550.00000000058 0.5846657952146086
5551.00000000058 0.5884218899260325
5552.00000000058 0.5921779846374563
5553.00000000058 0.5959340793488824
5554.00000000058 0.5996901740603372
5555.000000000581 0.6034956910705955
5556.000000000581 0.6073012080808252
5557.000000000581 0.6110573027922512
5558.000000000582 0.6148133975036774
5559.000000000582 0.6185694922151013
5560.000000000582 0.6223255869265539
5561.000000000582 0.6261311039368124
5562.000000000582 0.629936620947042
5563.000000000583 0.633692715658468
5564.000000000583 0.6374488103698941
5565.000000000583 0.641204905081318
5566.000000000584 0.6449609997927708
5567.000000000584 0.6487665168030312
5568.000000000584 0.652572033813263
5569.000000000584 0.6563281285246868
5570.000000000584 0.6600842232361108
5571.000000000585 0.6638403179475347
5572.000000000585 0.6675964126589875
5573.000000000585 0.6714019296692482
5574.000000000586 0.6752074466794799
5575.000000000586 0.6789635413909036
5576.000000000586 0.6827196361023276
5577.000000000586 0.6864757308137536
5578.000000000586 0.6902318255252087
5579.000000000587 0.694037342535467
5580.000000000587 0.6978428595456965
5581.000000000587 0.7015989542571204
5582.0000000005875 0.7053550489685443
5583.0000000005875 0.7091111436799703
5584.0000000005875 0.7128672383914253
5585.0000000005875 0.7166727554016837
5586.0000000005875 0.7204782724119132
5587.000000000588 0.7242343671233392
5588.000000000588 0.7279904618347652
5589.000000000588 0.7317465565461891
5590.000000000589 0.7355026512576421
5591.000000000589 0.7393081682679006
5592.000000000589 0.7431136852781298
5593.000000000589 0.7468697799895558
5594.000000000589 0.7506258747009819
5595.00000000059 0.7543819694124059
5596.00000000059 0.7581380641238298
5597.00000000059 0.7618941588352558
5598.000000000591 0.7656502535467109
5599.000000000591 0.7694557705569695
5600.000000000591 0.7732612875671987
5601.000000000591 0.7770173822786226
5602.000000000591 0.7807734769900465
5603.000000000592 0.7845295717014725
5604.000000000592 0.7882856664129279
5605.000000000592 0.7920911834231863
5606.000000000593 0.7958967004334154
5607.000000000593 0.7996527951448414
5608.000000000593 0.8034088898562675
5609.000000000593 0.8071649845676914
5610.000000000593 0.8109210792791446
5611.000000000594 0.814726596289403
5612.000000000594 0.818532113299632
5613.000000000594 0.8222882080110582
5614.000000000595 0.8260443027224842
5615.000000000595 0.8298003974339081
5616.000000000595 0.8335564921453614
5617.000000000595 0.837362009155622
5618.000000000595 0.8411675261658531
5619.000000000596 0.844923620877277
5620.000000000596 0.8486797155887009
5621.000000000596 0.8524358103001248
5622.000000000597 0.8561919050115782
5623.000000000597 0.8599974220218387
5624.000000000597 0.8638029390320698
5625.000000000597 0.8675590337434936
5626.000000000597 0.8713151284546522
5627.0000000005975 0.8746264224765672
5628.0000000005975 0.8779377164976252
5629.0000000005975 0.8798157638533372
5630.000000000598 0.8816938112090491
5631.000000000598 0.8835718585647611
5632.000000000598 0.885449905920473
5633.000000000598 0.887327953276186
5634.000000000598 0.8892060006318989
5635.000000000599 0.8910840479876109
5636.000000000599 0.8929620953433525
5637.000000000599 0.8948895649979001
5638.0000000006 0.896817034652418
5639.0000000006 0.89869508200813
5640.0000000006 0.9005731293638419
5641.0000000006 0.9024511767195539
5642.0000000006 0.904329224075266
5643.000000000601 0.9062072714309789
5644.000000000601 0.9080853187866917
5645.000000000601 0.9099633661424038
5646.000000000602 0.9118414134981158
5647.000000000602 0.9137194608538288
5648.000000000602 0.9155975082095419
5649.000000000602 0.9174755555652538
5650.000000000602 0.9193536029209955
5651.000000000603 0.921281072575542
5652.000000000603 0.9232085422300588
5653.000000000603 0.9250865895857717
5654.000000000604 0.9269646369414847
5655.000000000604 0.9288426842971966
5656.000000000604 0.9307207316529086
5657.000000000604 0.9325987790086216
5658.000000000604 0.9344768263643347
5659.000000000605 0.9363548737200467
5660.000000000605 0.9382329210757586
5661.000000000605 0.9401109684314705
5662.000000000606 0.9419890157863454
5663.000000000606 0.942483238774691
5664.000000000606 0.942977461762737
5665.000000000606 0.942977461762737
5666.000000000606 0.942977461762737
5667.000000000607 0.942977461762737
5668.000000000607 0.942977461762737
5669.000000000607 0.942977461762737
5670.0000000006075 0.942977461762737
5671.0000000006075 0.942977461762737
5672.0000000006075 0.942977461762737
5673.0000000006075 0.942977461762737
5674.0000000006075 0.942977461762737
5675.000000000608 0.942977461762737
5676.000000000608 0.942977461762737
5677.000000000608 0.942977461762737
5678.000000000609 0.942977461762737
5679.000000000609 0.942977461762737
5680.000000000609 0.942977461762737
5681.000000000609 0.942977461762737
5682.000000000609 0.942977461762737
5683.00000000061 0.942977461762737
5684.00000000061 0.942977461762737
5685.00000000061 0.942977461762737
5686.000000000611 0.942977461762737
5687.000000000611 0.942977461762737
5688.000000000611 0.942977461762737
5689.000000000611 0.942977461762737
5690.000000000611 0.942977461762737
5691.000000000612 0.942977461762737
5692.000000000612 0.942977461762737
5693.000000000612 0.942977461762737
5694.000000000613 0.942977461762737
5695.000000000613 0.942977461762737
5696.000000000613 0.942977461762737
5697.000000000613 0.942977461762737
5698.000000000613 0.942977461762737
5699.000000000614 0.942977461762737
5700.000000000614 0.942977461762737
5701.000000000614 0.942977461762737
5702.000000000615 0.942977461762737
5703.000000000615 0.942977461762737
5704.000000000615 0.942977461762737
5705.000000000615 0.942977461762737
5706.000000000615 0.942977461762737
5707.000000000616 0.942977461762737
5708.000000000616 0.942977461762737
5709.000000000616 0.942977461762737
5710.000000000617 0.942977461762737
5711.000000000617 0.942977461762737
5712.000000000617 0.942977461762737
5713.000000000617 0.942977461762737
5714.000000000617 0.942977461762737
5715.000000000618 0.942977461762737
5716.000000000618 0.942977461762737
5717.000000000618 0.942977461762737
5718.0000000006185 0.942977461762737
5719.0000000006185 0.942977461762737
5720.0000000006185 0.942977461762737
5721.0000000006185 0.942977461762737
5722.0000000006185 0.942977461762737
5723.000000000619 0.942977461762737
5724.000000000619 0.942977461762737
5725.000000000619 0.942977461762737
5726.00000000062 0.942977461762737
5727.00000000062 0.942977461762737
5728.00000000062 0.942977461762737
5729.00000000062 0.942977461762737
5730.00000000062 0.942977461762737
5731.000000000621 0.942977461762737
5732.000000000621 0.942977461762737
5733.000000000621 0.942977461762737
5734.000000000622 0.942977461762737
5735.000000000622 0.942977461762737
5736.000000000622 0.942977461762737
5737.000000000622 0.942977461762737
5738.000000000622 0.942977461762737
5739.000000000623 0.942977461762737
5740.000000000623 0.942977461762737
5741.000000000623 0.942977461762737
5742.000000000624 0.942977461762737
5743.000000000624 0.942977461762737
5744.000000000624 0.942977461762737
5745.000000000624 0.942977461762737
5746.000000000624 0.942977461762737
5747.000000000625 0.942977461762737
5748.000000000625 0.942977461762737
5749.000000000625 0.942977461762737
5750.000000000626 0.942977461762737
5751.000000000626 0.942977461762737
5752.000000000626 0.942977461762737
5753.000000000626 0.942977461762737
5754.000000000626 0.942977461762737
5755.000000000627 0.942977461762737
5756.000000000627 0.942977461762737
5757.000000000627 0.942977461762737
5758.000000000628 0.942977461762737
5759.000000000628 0.942977461762737
5760.000000000628 0.942977461762737
5761.000000000628 0.942977461762737
5762.000000000628 0.942977461762737
5763.0000000006285 0.942977461762737
5764.0000000006285 0.942977461762737
5765.0000000006285 0.942977461762737
5766.000000000629 0.942977461762737
5767.000000000629 0.942977461762737
5768.000000000629 0.942977461762737
5769.000000000629 0.942977461762737
5770.000000000629 0.942977461762737
5771.00000000063 0.942977461762737
5772.00000000063 0.942977461762737
5773.00000000063 0.942977461762737
5774.000000000631 0.942977461762737
5775.000000000631 0.942977461762737
5776.000000000631 0.942977461762737
5777.000000000631 0.942977461762737
5778.000000000631 0.942977461762737
5779.000000000632 0.942977461762737
5780.000000000632 0.942977461762737
5781.000000000632 0.942977461762737
5782.000000000633 0.942977461762737
5783.000000000633 0.942977461762737
5784.000000000633 0.942977461762737
5785.000000000633 0.942977461762737
5786.000000000633 0.942977461762737
5787.000000000634 0.942977461762737
5788.000000000634 0.942977461762737
5789.000000000634 0.942977461762737
5790.000000000635 0.942977461762737
5791.000000000635 0.942977461762737
5792.000000000635 0.942977461762737
5793.000000000635 0.942977461762737
5794.000000000635 0.942977461762737
5795.000000000636 0.942977461762737
5796.000000000636 0.942977461762737
5797.000000000636 0.942977461762737
5798.000000000637 0.942977461762737
5799.000000000637 0.942977461762737
5800.000000000637 0.942977461762737
5801.000000000637 0.942977461762737
5802.000000000637 0.942977461762737
5803.000000000638 0.942977461762737
5804.000000000638 0.942977461762737
5805.000000000638 0.942977461762737
5806.0000000006385 0.942977461762737
5807.0000000006385 0.942977461762737
5808.0000000006385 0.942977461762737
5809.0000000006385 0.942977461762737
5810.0000000006385 0.942977461762737
5811.000000000639 0.942977461762737
5812.000000000639 0.942977461762737
5813.000000000639 0.942977461762737
5814.00000000064 0.942977461762737
5815.00000000064 0.942977461762737
5816.00000000064 0.942977461762737
5817.00000000064 0.942977461762737
5818.00000000064 0.942977461762737
5819.000000000641 0.942977461762737
5820.000000000641 0.942977461762737
5821.000000000641 0.942977461762737
5822.000000000642 0.942977461762737
5823.000000000642 0.942977461762737
5824.000000000642 0.942977461762737
5825.000000000642 0.942977461762737
5826.000000000642 0.942977461762737
5827.000000000643 0.942977461762737
5828.000000000643 0.942977461762737
5829.000000000643 0.942977461762737
5830.000000000644 0.942977461762737
5831.000000000644 0.942977461762737
5832.000000000644 0.942977461762737
5833.000000000644 0.942977461762737
5834.000000000644 0.942977461762737
5835.000000000645 0.942977461762737
5836.000000000645 0.942977461762737
5837.000000000645 0.942977461762737
5838.000000000646 0.942977461762737
5839.000000000646 0.942977461762737
5840.000000000646 0.942977461762737
5841.000000000646 0.942977461762737
5842.000000000646 0.942977461762737
5843.000000000647 0.942977461762737
5844.000000000647 0.942977461762737
5845.000000000647 0.942977461762737
5846.000000000648 0.942977461762737
5847.000000000648 0.942977461762737
5848.000000000648 0.942977461762737
5849.000000000648 0.942977461762737
5850.000000000648 0.942977461762737
5851.0000000006485 0.942977461762737
5852.0000000006485 0.942977461762737
5853.0000000006485 0.942977461762737
5854.000000000649 0.942977461762737
5855.000000000649 0.942977461762737
5856.000000000649 0.942977461762737
5857.000000000649 0.942977461762737
5858.000000000649 0.942977461762737
5859.00000000065 0.942977461762737
5860.00000000065 0.942977461762737
5861.00000000065 0.942977461762737
5862.000000000651 0.942977461762737
5863.000000000651 0.942977461762737
5864.000000000651 0.942977461762737
5865.000000000651 0.942977461762737
5866.000000000651 0.942977461762737
5867.000000000652 0.942977461762737
5868.000000000652 0.942977461762737
5869.000000000652 0.942977461762737
5870.000000000653 0.942977461762737
5871.000000000653 0.942977461762737
5872.000000000653 0.942977461762737
5873.000000000653 0.942977461762737
5874.000000000653 0.942977461762737
5875.000000000654 0.942977461762737
5876.000000000654 0.942977461762737
5877.000000000654 0.942977461762737
5878.000000000655 0.942977461762737
5879.000000000655 0.942977461762737
5880.000000000655 0.942977461762737
5881.000000000655 0.942977461762737
5882.000000000655 0.942977461762737
5883.000000000656 0.942977461762737
5884.000000000656 0.942977461762737
5885.000000000656 0.942977461762737
5886.000000000657 0.942977461762737
5887.000000000657 0.942977461762737
5888.000000000657 0.942977461762737
5889.000000000657 0.942977461762737
5890.000000000657 0.942977461762737
5891.000000000658 0.942977461762737
5892.000000000658 0.942977461762737
5893.000000000658 0.942977461762737
5894.0000000006585 0.942977461762737
5895.0000000006585 0.942977461762737
5896.0000000006585 0.942977461762737
5897.0000000006585 0.942977461762737
5898.0000000006585 0.942977461762737
5899.000000000659 0.942977461762737
5900.000000000659 0.942977461762737
5901.000000000659 0.942977461762737
5902.00000000066 0.942977461762737
5903.00000000066 0.942977461762737
5904.00000000066 0.942977461762737
5905.00000000066 0.942977461762737
5906.00000000066 0.942977461762737
5907.000000000661 0.942977461762737
5908.000000000661 0.942977461762737
5909.000000000661 0.942977461762737
5910.000000000662 0.942977461762737
5911.000000000662 0.942977461762737
5912.000000000662 0.942977461762737
5913.000000000662 0.942977461762737
5914.000000000662 0.942977461762737
5915.000000000663 0.942977461762737
5916.000000000663 0.942977461762737
5917.000000000663 0.942977461762737
5918.000000000664 0.942977461762737
5919.000000000664 0.942977461762737
5920.000000000664 0.942977461762737
5921.000000000664 0.942977461762737
5922.000000000664 0.942977461762737
5923.000000000665 0.942977461762737
5924.000000000665 0.942977461762737
5925.000000000665 0.942977461762737
5926.000000000666 0.942977461762737
5927.000000000666 0.942977461762737
5928.000000000666 0.942977461762737
5929.000000000666 0.942977461762737
5930.000000000666 0.942977461762737
5931.000000000667 0.942977461762737
5932.000000000667 0.942977461762737
5933.000000000667 0.942977461762737
5934.000000000668 0.942977461762737
5935.000000000668 0.942977461762737
5936.000000000668 0.942977461762737
5937.000000000668 0.942977461762737
5938.000000000668 0.942977461762737
5939.0000000006685 0.942977461762737
5940.0000000006685 0.942977461762737
5941.0000000006685 0.942977461762737
5942.000000000669 0.942977461762737
5943.000000000669 0.942977461762737
5944.000000000669 0.942977461762737
5945.000000000669 0.942977461762737
5946.000000000669 0.942977461762737
5947.00000000067 0.942977461762737
5948.00000000067 0.942977461762737
5949.00000000067 0.942977461762737
5950.000000000671 0.942977461762737
5951.000000000671 0.942977461762737
5952.000000000671 0.942977461762737
5953.000000000671 0.942977461762737
5954.000000000671 0.942977461762737
5955.000000000672 0.942977461762737
5956.000000000672 0.942977461762737
5957.000000000672 0.942977461762737
5958.000000000673 0.942977461762737
5959.000000000673 0.942977461762737
5960.000000000673 0.942977461762737
5961.000000000673 0.942977461762737
5962.000000000673 0.942977461762737
5963.000000000674 0.942977461762737
5964.000000000674 0.942977461762737
5965.000000000674 0.942977461762737
5966.000000000675 0.942977461762737
5967.000000000675 0.942977461762737
5968.000000000675 0.942977461762737
5969.000000000675 0.942977461762737
5970.000000000675 0.942977461762737
5971.000000000676 0.942977461762737
5972.000000000676 0.942977461762737
5973.000000000676 0.942977461762737
5974.000000000677 0.942977461762737
5975.000000000677 0.942977461762737
5976.000000000677 0.942977461762737
5977.000000000677 0.942977461762737
5978.000000000677 0.942977461762737
5979.000000000678 0.942977461762737
5980.000000000678 0.942977461762737
5981.000000000678 0.942977461762737
5982.0000000006785 0.942977461762737
5983.0000000006785 0.942977461762737
5984.0000000006785 0.942977461762737
5985.0000000006785 0.942977461762737
5986.0000000006785 0.942977461762737
5987.000000000679 0.942977461762737
5988.000000000679 0.942977461762737
5989.000000000679 0.942977461762737
5990.00000000068 0.942977461762737
5991.00000000068 0.942977461762737
5992.00000000068 0.942977461762737
5993.00000000068 0.942977461762737
5994.00000000068 0.942977461762737
5995.000000000681 0.942977461762737
5996.000000000681 0.942977461762737
5997.000000000681 0.942977461762737
5998.000000000682 0.942977461762737
5999.000000000682 0.942977461762737
6000.000000000682 0.942977461762737
6001.000000000682 0.942977461762737
6002.000000000682 0.942977461762737
6003.000000000683 0.942977461762737
6004.000000000683 0.942977461762737
6005.000000000683 0.942977461762737
6006.000000000684 0.942977461762737
6007.000000000684 0.942977461762737
6008.000000000684 0.942977461762737
6009.000000000684 0.942977461762737
6010.000000000684 0.942977461762737
6011.000000000685 0.942977461762737
6012.000000000685 0.942977461762737
6013.000000000685 0.942977461762737
6014.000000000686 0.942977461762737
6015.000000000686 0.942977461762737
6016.000000000686 0.942977461762737
6017.000000000686 0.942977461762737
6018.000000000686 0.942977461762737
6019.000000000687 0.942977461762737
6020.000000000687 0.942977461762737
6021.000000000687 0.942977461762737
6022.000000000688 0.942977461762737
6023.000000000688 0.942977461762737
6024.000000000688 0.942977461762737
6025.000000000688 0.942977461762737
6026.000000000688 0.942977461762737
6027.0000000006885 0.942977461762737
6028.0000000006885 0.942977461762737
6029.0000000006885 0.942977461762737
6030.000000000689 0.942977461762737
6031.000000000689 0.942977461762737
6032.000000000689 0.942977461762737
6033.000000000689 0.942977461762737
6034.000000000689 0.942977461762737
6035.00000000069 0.942977461762737
6036.00000000069 0.942977461762737
6037.00000000069 0.942977461762737
6038.000000000691 0.942977461762737
6039.000000000691 0.942977461762737
6040.000000000691 0.942977461762737
6041.000000000691 0.942977461762737
6042.000000000691 0.942977461762737
6043.000000000692 0.942977461762737
6044.000000000692 0.942977461762737
6045.000000000692 0.942977461762737
6046.000000000693 0.942977461762737
6047.000000000693 0.942977461762737
6048.000000000693 0.942977461762737
6049.000000000693 0.942977461762737
6050.000000000693 0.942977461762737
6051.000000000694 0.942977461762737
6052.000000000694 0.942977461762737
6053.000000000694 0.942977461762737
6054.000000000695 0.942977461762737
6055.000000000695 0.942977461762737
6056.000000000695 0.942977461762737
6057.000000000695 0.942977461762737
6058.000000000695 0.942977461762737
6059.000000000696 0.942977461762737
6060.000000000696 0.942977461762737
6061.000000000696 0.942977461762737
6062.000000000697 0.942977461762737
6063.000000000697 0.942977461762737
6064.000000000697 0.942977461762737
6065.000000000697 0.942977461762737
6066.000000000697 0.942977461762737
6067.000000000698 0.942977461762737
6068.000000000698 0.942977461762737
6069.000000000698 0.942977461762737
6070.0000000006985 0.942977461762737
6071.0000000006985 0.942977461762737
6072.0000000006985 0.942977461762737
6073.0000000006985 0.942977461762737
6074.0000000006985 0.942977461762737
6075.000000000699 0.942977461762737
6076.000000000699 0.942977461762737
6077.000000000699 0.942977461762737
6078.0000000007 0.942977461762737
6079.0000000007 0.942977461762737
6080.0000000007 0.942977461762737
6081.0000000007 0.942977461762737
6082.0000000007 0.942977461762737
6083.000000000701 0.942977461762737
6084.000000000701 0.942977461762737
6085.000000000701 0.942977461762737
6086.000000000702 0.942977461762737
6087.000000000702 0.942977461762737
6088.000000000702 0.942977461762737
6089.000000000702 0.942977461762737
6090.000000000702 0.942977461762737
6091.000000000703 0.942977461762737
6092.000000000703 0.942977461762737
6093.000000000703 0.942977461762737
6094.000000000704 0.942977461762737
6095.000000000704 0.942977461762737
6096.000000000704 0.942977461762737
6097.000000000704 0.942977461762737
6098.000000000704 0.942977461762737
6099.000000000705 0.942977461762737
6100.000000000705 0.942977461762737
6101.000000000705 0.942977461762737
6102.000000000706 0.942977461762737
6103.000000000706 0.942977461762737
6104.000000000706 0.942977461762737
6105.000000000706 0.942977461762737
6106.000000000706 0.942977461762737
6107.000000000707 0.942977461762737
6108.000000000707 0.942977461762737
6109.000000000707 0.942977461762737
6110.000000000708 0.942977461762737
6111.000000000708 0.942977461762737
6112.000000000708 0.942977461762737
6113.000000000708 0.942977461762737
6114.000000000708 0.942977461762737
6115.0000000007085 0.942977461762737
6116.0000000007085 0.942977461762737
6117.0000000007085 0.942977461762737
6118.000000000709 0.942977461762737
6119.000000000709 0.942977461762737
6120.000000000709 0.942977461762737
6121.000000000709 0.942977461762737
6122.000000000709 0.942977461762737
6123.00000000071 0.942977461762737
6124.00000000071 0.942977461762737
6125.00000000071 0.942977461762737
6126.000000000711 0.942977461762737
6127.000000000711 0.942977461762737
6128.000000000711 0.942977461762737
6129.000000000711 0.942977461762737
6130.000000000711 0.942977461762737
6131.000000000712 0.942977461762737
6132.000000000712 0.942977461762737
6133.000000000712 0.942977461762737
6134.000000000713 0.942977461762737
6135.000000000713 0.942977461762737
6136.000000000713 0.942977461762737
6137.000000000713 0.942977461762737
6138.000000000713 0.942977461762737
6139.000000000714 0.942977461762737
6140.000000000714 0.942977461762737
6141.000000000714 0.942977461762737
6142.000000000715 0.942977461762737
6143.000000000715 0.942977461762737
6144.000000000715 0.942977461762737
6145.000000000715 0.942977461762737
6146.000000000715 0.942977461762737
6147.000000000716 0.942977461762737
6148.000000000716 0.942977461762737
6149.000000000716 0.942977461762737
6150.000000000717 0.942977461762737
6151.000000000717 0.942977461762737
6152.000000000717 0.942977461762737
6153.000000000717 0.942977461762737
6154.000000000717 0.942977461762737
6155.000000000718 0.942977461762737
6156.000000000718 0.942977461762737
6157.000000000718 0.942977461762737
6158.0000000007185 0.942977461762737
6159.0000000007185 0.942977461762737
6160.0000000007185 0.942977461762737
6161.0000000007185 0.942977461762737
6162.0000000007185 0.942977461762737
6163.000000000719 0.942977461762737
6164.000000000719 0.942977461762737
6165.000000000719 0.942977461762737
6166.00000000072 0.942977461762737
6167.00000000072 0.942977461762737
6168.00000000072 0.942977461762737
6169.00000000072 0.942977461762737
6170.00000000072 0.942977461762737
6171.000000000721 0.942977461762737
6172.000000000721 0.942977461762737
6173.000000000721 0.942977461762737
6174.000000000722 0.942977461762737
6175.000000000722 0.942977461762737
6176.000000000722 0.942977461762737
6177.000000000722 0.942977461762737
6178.000000000722 0.942977461762737
6179.000000000723 0.942977461762737
6180.000000000723 0.942977461762737
6181.000000000723 0.942977461762737
6182.000000000724 0.942977461762737
6183.000000000724 0.942977461762737
6184.000000000724 0.942977461762737
6185.000000000724 0.942977461762737
6186.000000000724 0.942977461762737
6187.000000000725 0.942977461762737
6188.000000000725 0.942977461762737
6189.000000000725 0.942977461762737
6190.000000000726 0.942977461762737
6191.000000000726 0.942977461762737
6192.000000000726 0.942977461762737
6193.000000000726 0.942977461762737
6194.000000000726 0.942977461762737
6195.000000000727 0.942977461762737
6196.000000000727 0.942977461762737
6197.000000000727 0.942977461762737
6198.000000000728 0.942977461762737
6199.000000000728 0.942977461762737
6200.000000000728 0.942977461762737
6201.000000000728 0.942977461762737
6202.000000000728 0.942977461762737
6203.0000000007285 0.942977461762737
6204.0000000007285 0.942977461762737
6205.0000000007285 0.942977461762737
6206.000000000729 0.942977461762737
6207.000000000729 0.942977461762737
6208.000000000729 0.942977461762737
6209.000000000729 0.942977461762737
6210.000000000729 0.942977461762737
6211.00000000073 0.942977461762737
6212.00000000073 0.942977461762737
6213.00000000073 0.942977461762737
6214.000000000731 0.942977461762737
6215.000000000731 0.942977461762737
6216.000000000731 0.942977461762737
6217.000000000731 0.942977461762737
6218.000000000731 0.942977461762737
6219.000000000732 0.942977461762737
6220.000000000732 0.942977461762737
6221.000000000732 0.942977461762737
6222.000000000733 0.942977461762737
6223.000000000733 0.942977461762737
6224.000000000733 0.942977461762737
6225.000000000733 0.942977461762737
6226.000000000733 0.942977461762737
6227.000000000734 0.942977461762737
6228.000000000734 0.942977461762737
6229.000000000734 0.942977461762737
6230.000000000735 0.942977461762737
6231.000000000735 0.942977461762737
6232.000000000735 0.942977461762737
6233.000000000735 0.942977461762737
6234.000000000735 0.942977461762737
6235.000000000736 0.942977461762737
6236.000000000736 0.942977461762737
6237.000000000736 0.942977461762737
6238.000000000737 0.942977461762737
6239.000000000737 0.942977461762737
6240.000000000737 0.942977461762737
6241.000000000737 0.942977461762737
6242.000000000737 0.942977461762737
6243.000000000738 0.942977461762737
6244.000000000738 0.942977461762737
6245.000000000738 0.942977461762737
6246.0000000007385 0.942977461762737
6247.0000000007385 0.942977461762737
6248.0000000007385 0.942977461762737
6249.0000000007385 0.942977461762737
6250.0000000007385 0.942977461762737
6251.000000000739 0.942977461762737
6252.000000000739 0.942977461762737
6253.000000000739 0.942977461762737
6254.00000000074 0.942977461762737
6255.00000000074 0.942977461762737
6256.00000000074 0.942977461762737
6257.00000000074 0.942977461762737
6258.00000000074 0.942977461762737
6259.000000000741 0.942977461762737
6260.000000000741 0.942977461762737
6261.000000000741 0.942977461762737
6262.000000000742 0.942977461762737
6263.000000000742 0.942977461762737
6264.000000000742 0.942977461762737
6265.000000000742 0.942977461762737
6266.000000000742 0.942977461762737
6267.000000000743 0.942977461762737
6268.000000000743 0.942977461762737
6269.000000000743 0.942977461762737
6270.000000000744 0.942977461762737
6271.000000000744 0.942977461762737
6272.000000000744 0.942977461762737
6273.000000000744 0.942977461762737
6274.000000000744 0.942977461762737
6275.000000000745 0.942977461762737
6276.000000000745 0.942977461762737
6277.000000000745 0.942977461762737
6278.000000000746 0.942977461762737
6279.000000000746 0.942977461762737
6280.000000000746 0.942977461762737
6281.000000000746 0.942977461762737
6282.000000000746 0.942977461762737
6283.000000000747 0.942977461762737
6284.000000000747 0.942977461762737
6285.000000000747 0.942977461762737
6286.000000000748 0.942977461762737
6287.000000000748 0.942977461762737
6288.000000000748 0.942977461762737
6289.000000000748 0.942977461762737
6290.000000000748 0.942977461762737
6291.0000000007485 0.942977461762737
6292.0000000007485 0.942977461762737
6293.0000000007485 0.942977461762737
6294.000000000749 0.942977461762737
6295.000000000749 0.942977461762737
6296.000000000749 0.942977461762737
6297.000000000749 0.942977461762737
6298.000000000749 0.942977461762737
6299.00000000075 0.942977461762737
6300.00000000075 0.942977461762737
6301.00000000075 0.942977461762737
6302.000000000751 0.942977461762737
6303.000000000751 0.942977461762737
6304.000000000751 0.942977461762737
6305.000000000751 0.942977461762737
6306.000000000751 0.942977461762737
6307.000000000752 0.942977461762737
6308.000000000752 0.942977461762737
6309.000000000752 0.942977461762737
6310.000000000753 0.942977461762737
6311.000000000753 0.942977461762737
6312.000000000753 0.942977461762737
6313.000000000753 0.942977461762737
6314.000000000753 0.942977461762737
6315.000000000754 0.942977461762737
6316.000000000754 0.942977461762737
6317.000000000754 0.942977461762737
6318.000000000755 0.942977461762737
6319.000000000755 0.942977461762737
6320.000000000755 0.942977461762737
6321.000000000755 0.942977461762737
6322.000000000755 0.942977461762737
6323.000000000756 0.942977461762737
6324.000000000756 0.942977461762737
6325.000000000756 0.942977461762737
6326.000000000757 0.942977461762737
6327.000000000757 0.942977461762737
6328.000000000757 0.942977461762737
6329.000000000757 0.942977461762737
6330.000000000757 0.942977461762737
6331.000000000758 0.942977461762737
6332.000000000758 0.942977461762737
6333.000000000758 0.942977461762737
6334.0000000007585 0.942977461762737
6335.0000000007585 0.942977461762737
6336.0000000007585 0.942977461762737
6337.0000000007585 0.942977461762737
6338.0000000007585 0.942977461762737
6339.000000000759 0.942977461762737
6340.000000000759 0.942977461762737
6341.000000000759 0.942977461762737
6342.00000000076 0.942977461762737
6343.00000000076 0.942977461762737
6344.00000000076 0.942977461762737
6345.00000000076 0.942977461762737
6346.00000000076 0.942977461762737
6347.000000000761 0.942977461762737
6348.000000000761 0.942977461762737
6349.000000000761 0.942977461762737
6350.000000000762 0.942977461762737
6351.000000000762 0.942977461762737
6352.000000000762 0.942977461762737
6353.000000000762 0.942977461762737
6354.000000000762 0.942977461762737
6355.000000000763 0.942977461762737
6356.000000000763 0.942977461762737
6357.000000000763 0.942977461762737
6358.000000000764 0.942977461762737
6359.000000000764 0.942977461762737
6360.000000000764 0.942977461762737
6361.000000000764 0.942977461762737
6362.000000000764 0.942977461762737
6363.000000000765 0.942977461762737
6364.000000000765 0.942977461762737
6365.000000000765 0.942977461762737
6366.000000000766 0.942977461762737
6367.000000000766 0.942977461762737
6368.000000000766 0.942977461762737
6369.000000000766 0.942977461762737
6370.000000000766 0.942977461762737
6371.000000000767 0.942977461762737
6372.000000000767 0.942977461762737
6373.000000000767 0.942977461762737
6374.000000000768 0.942977461762737
6375.000000000768 0.942977461762737
6376.000000000768 0.942977461762737
6377.000000000768 0.942977461762737
6378.000000000768 0.942977461762737
6379.0000000007685 0.942977461762737
6380.0000000007685 0.942977461762737
6381.0000000007685 0.942977461762737
6382.000000000769 0.942977461762737
6383.000000000769 0.942977461762737
6384.000000000769 0.942977461762737
6385.000000000769 0.942977461762737
6386.000000000769 0.942977461762737
6387.00000000077 0.942977461762737
6388.00000000077 0.942977461762737
6389.00000000077 0.942977461762737
6390.000000000771 0.942977461762737
6391.000000000771 0.942977461762737
6392.000000000771 0.942977461762737
6393.000000000771 0.942977461762737
6394.000000000771 0.942977461762737
6395.000000000772 0.942977461762737
6396.000000000772 0.942977461762737
6397.000000000772 0.942977461762737
6398.000000000773 0.942977461762737
6399.000000000773 0.942977461762737
6400.000000000773 0.942977461762737
6401.000000000773 0.942977461762737
6402.000000000773 0.942977461762737
6403.000000000774 0.942977461762737
6404.000000000774 0.942977461762737
6405.000000000774 0.942977461762737
6406.000000000775 0.942977461762737
6407.000000000775 0.942977461762737
6408.000000000775 0.942977461762737
6409.000000000775 0.942977461762737
6410.000000000775 0.942977461762737
6411.000000000776 0.942977461762737
6412.000000000776 0.942977461762737
6413.000000000776 0.942977461762737
6414.000000000777 0.942977461762737
6415.000000000777 0.942977461762737
6416.000000000777 0.942977461762737
6417.000000000777 0.942977461762737
6418.000000000777 0.942977461762737
6419.000000000778 0.942977461762737
6420.000000000778 0.942977461762737
6421.000000000778 0.942977461762737
6422.0000000007785 0.942977461762737
6423.0000000007785 0.942977461762737
6424.0000000007785 0.942977461762737
6425.0000000007785 0.942977461762737
6426.0000000007785 0.942977461762737
6427.000000000779 0.942977461762737
6428.000000000779 0.942977461762737
6429.000000000779 0.942977461762737
6430.00000000078 0.942977461762737
6431.00000000078 0.942977461762737
6432.00000000078 0.942977461762737
6433.00000000078 0.942977461762737
6434.00000000078 0.942977461762737
6435.000000000781 0.942977461762737
6436.000000000781 0.942977461762737
6437.000000000781 0.942977461762737
6438.000000000782 0.942977461762737
6439.000000000782 0.942977461762737
6440.000000000782 0.942977461762737
6441.000000000782 0.942977461762737
6442.000000000782 0.942977461762737
6443.000000000783 0.942977461762737
6444.000000000783 0.942977461762737
6445.000000000783 0.942977461762737
6446.000000000784 0.942977461762737
6447.000000000784 0.942977461762737
6448.000000000784 0.942977461762737
6449.000000000784 0.942977461762737
6450.000000000784 0.942977461762737
6451.000000000785 0.942977461762737
6452.000000000785 0.942977461762737
6453.000000000785 0.942977461762737
6454.000000000786 0.942977461762737
6455.000000000786 0.942977461762737
6456.000000000786 0.942977461762737
6457.000000000786 0.942977461762737
6458.000000000786 0.942977461762737
6459.000000000787 0.942977461762737
6460.000000000787 0.942977461762737
6461.000000000787 0.942977461762737
6462.000000000788 0.942977461762737
6463.000000000788 0.942977461762737
6464.000000000788 0.942977461762737
6465.000000000788 0.942977461762737
6466.000000000788 0.942977461762737
6467.0000000007885 0.942977461762737
6468.0000000007885 0.942977461762737
6469.0000000007885 0.942977461762737
6470.000000000789 0.942977461762737
6471.000000000789 0.942977461762737
6472.000000000789 0.942977461762737
6473.000000000789 0.942977461762737
6474.000000000789 0.942977461762737
6475.00000000079 0.942977461762737
6476.00000000079 0.942977461762737
6477.00000000079 0.942977461762737
6478.000000000791 0.942977461762737
6479.000000000791 0.942977461762737
6480.000000000791 0.942977461762737
6481.000000000791 0.942977461762737
6482.000000000791 0.942977461762737
6483.000000000792 0.942977461762737
6484.000000000792 0.942977461762737
6485.000000000792 0.942977461762737
6486.000000000793 0.942977461762737
6487.000000000793 0.942977461762737
6488.000000000793 0.942977461762737
6489.000000000793 0.942977461762737
6490.000000000793 0.942977461762737
6491.000000000794 0.942977461762737
6492.000000000794 0.942977461762737
6493.000000000794 0.942977461762737
6494.000000000795 0.942977461762737
6495.000000000795 0.942977461762737
6496.000000000795 0.942977461762737
6497.000000000795 0.942977461762737
6498.000000000795 0.942977461762737
6499.000000000796 0.942977461762737
6500.000000000796 0.942977461762737
6501.000000000796 0.942977461762737
6502.000000000797 0.942977461762737
6503.000000000797 0.942977461762737
6504.000000000797 0.942977461762737
6505.000000000797 0.942977461762737
6506.000000000797 0.942977461762737
6507.000000000798 0.942977461762737
6508.000000000798 0.942977461762737
6509.000000000798 0.942977461762737
6510.0000000007985 0.942977461762737
6511.0000000007985 0.942977461762737
6512.0000000007985 0.942977461762737
6513.0000000007985 0.942977461762737
6514.0000000007985 0.942977461762737
6515.000000000799 0.942977461762737
6516.000000000799 0.942977461762737
6517.000000000799 0.942977461762737
6518.0000000008 0.942977461762737
6519.0000000008 0.942977461762737
6520.0000000008 0.942977461762737
6521.0000000008 0.942977461762737
6522.0000000008 0.942977461762737
6523.000000000801 0.942977461762737
6524.000000000801 0.942977461762737
6525.000000000801 0.942977461762737
6526.000000000802 0.942977461762737
6527.000000000802 0.942977461762737
6528.000000000802 0.942977461762737
6529.000000000802 0.942977461762737
6530.000000000802 0.942977461762737
6531.000000000803 0.942977461762737
6532.000000000803 0.942977461762737
6533.000000000803 0.942977461762737
6534.000000000804 0.942977461762737
6535.000000000804 0.942977461762737
6536.000000000804 0.942977461762737
6537.000000000804 0.942977461762737
6538.000000000804 0.942977461762737
6539.000000000805 0.942977461762737
6540.000000000805 0.942977461762737
6541.000000000805 0.942977461762737
6542.000000000806 0.942977461762737
6543.000000000806 0.942977461762737
6544.000000000806 0.942977461762737
6545.000000000806 0.942977461762737
6546.000000000806 0.942977461762737
6547.000000000807 0.942977461762737
6548.000000000807 0.942977461762737
6549.000000000807 0.942977461762737
6550.000000000808 0.942977461762737
6551.000000000808 0.942977461762737
6552.000000000808 0.942977461762737
6553.000000000808 0.942977461762737
6554.000000000808 0.942977461762737
6555.0000000008085 0.942977461762737
6556.0000000008085 0.942977461762737
6557.0000000008085 0.942977461762737
6558.000000000809 0.942977461762737
6559.000000000809 0.942977461762737
6560.000000000809 0.942977461762737
6561.000000000809 0.942977461762737
6562.000000000809 0.942977461762737
6563.00000000081 0.942977461762737
6564.00000000081 0.942977461762737
6565.00000000081 0.942977461762737
6566.000000000811 0.942977461762737
6567.000000000811 0.942977461762737
6568.000000000811 0.942977461762737
6569.000000000811 0.942977461762737
6570.000000000811 0.942977461762737
6571.000000000812 0.942977461762737
6572.000000000812 0.942977461762737
6573.000000000812 0.942977461762737
6574.000000000813 0.942977461762737
6575.000000000813 0.942977461762737
6576.000000000813 0.942977461762737
6577.000000000813 0.942977461762737
6578.000000000813 0.942977461762737
6579.000000000814 0.942977461762737
6580.000000000814 0.942977461762737
6581.000000000814 0.942977461762737
6582.000000000815 0.942977461762737
6583.000000000815 0.942977461762737
6584.000000000815 0.942977461762737
6585.000000000815 0.942977461762737
6586.000000000815 0.942977461762737
6587.000000000816 0.942977461762737
6588.000000000816 0.942977461762737
6589.000000000816 0.942977461762737
6590.000000000817 0.942977461762737
6591.000000000817 0.942977461762737
6592.000000000817 0.942977461762737
6593.000000000817 0.942977461762737
6594.000000000817 0.942977461762737
6595.000000000818 0.942977461762737
6596.000000000818 0.942977461762737
6597.000000000818 0.942977461762737
6598.0000000008185 0.942977461762737
6599.0000000008185 0.942977461762737
6600.0000000008185 0.942977461762737
6601.0000000008185 0.942977461762737
6602.0000000008185 0.942977461762737
6603.000000000819 0.942977461762737
6604.000000000819 0.942977461762737
6605.000000000819 0.942977461762737
6606.00000000082 0.942977461762737
6607.00000000082 0.942977461762737
6608.00000000082 0.942977461762737
6609.00000000082 0.942977461762737
6610.00000000082 0.942977461762737
6611.000000000821 0.942977461762737
6612.000000000821 0.942977461762737
6613.000000000821 0.942977461762737
6614.000000000822 0.942977461762737
6615.000000000822 0.942977461762737
6616.000000000822 0.942977461762737
6617.000000000822 0.942977461762737
6618.000000000822 0.942977461762737
6619.000000000823 0.942977461762737
6620.000000000823 0.942977461762737
6621.000000000823 0.942977461762737
6622.000000000824 0.942977461762737
6623.000000000824 0.942977461762737
6624.000000000824 0.942977461762737
6625.000000000824 0.942977461762737
6626.000000000824 0.942977461762737
6627.000000000825 0.942977461762737
6628.000000000825 0.942977461762737
6629.000000000825 0.942977461762737
6630.000000000826 0.942977461762737
6631.000000000826 0.942977461762737
6632.000000000826 0.942977461762737
6633.000000000826 0.942977461762737
6634.000000000826 0.942977461762737
6635.000000000827 0.942977461762737
6636.000000000827 0.942977461762737
6637.000000000827 0.942977461762737
6638.000000000828 0.942977461762737
6639.000000000828 0.942977461762737
6640.000000000828 0.942977461762737
6641.000000000828 0.942977461762737
6642.000000000828 0.942977461762737
6643.000000000829 0.942977461762737
6644.000000000829 0.942977461762737
6645.000000000829 0.942977461762737
6646.0000000008295 0.942977461762737
6647.0000000008295 0.942977461762737
6648.0000000008295 0.942977461762737
6649.0000000008295 0.942977461762737
6650.0000000008295 0.942977461762737
6651.00000000083 0.942977461762737
6652.00000000083 0.942977461762737
6653.00000000083 0.942977461762737
6654.000000000831 0.942977461762737
6655.000000000831 0.942977461762737
6656.000000000831 0.942977461762737
6657.000000000831 0.942977461762737
6658.000000000831 0.942977461762737
6659.000000000832 0.942977461762737
6660.000000000832 0.942977461762737
6661.000000000832 0.942977461762737
6662.000000000833 0.942977461762737
6663.000000000833 0.942977461762737
6664.000000000833 0.942977461762737
6665.000000000833 0.942977461762737
6666.000000000833 0.942977461762737
6667.000000000834 0.942977461762737
6668.000000000834 0.942977461762737
6669.000000000834 0.942977461762737
6670.000000000835 0.942977461762737
6671.000000000835 0.942977461762737
6672.000000000835 0.942977461762737
6673.000000000835 0.942977461762737
6674.000000000835 0.942977461762737
6675.000000000836 0.942977461762737
6676.000000000836 0.942977461762737
6677.000000000836 0.942977461762737
6678.000000000837 0.942977461762737
6679.000000000837 0.942977461762737
6680.000000000837 0.942977461762737
6681.000000000837 0.942977461762737
6682.000000000837 0.942977461762737
6683.000000000838 0.942977461762737
6684.000000000838 0.942977461762737
6685.000000000838 0.942977461762737
6686.000000000839 0.942977461762737
6687.000000000839 0.942977461762737
6688.000000000839 0.942977461762737
6689.000000000839 0.942977461762737
6690.000000000839 0.942977461762737
6691.0000000008395 0.942977461762737
6692.0000000008395 0.942977461762737
6693.0000000008395 0.942977461762737
6694.00000000084 0.942977461762737
6695.00000000084 0.942977461762737
6696.00000000084 0.942977461762737
6697.00000000084 0.942977461762737
6698.00000000084 0.942977461762737
6699.000000000841 0.942977461762737
6700.000000000841 0.942977461762737
6701.000000000841 0.942977461762737
6702.000000000842 0.942977461762737
6703.000000000842 0.942977461762737
6704.000000000842 0.942977461762737
6705.000000000842 0.942977461762737
6706.000000000842 0.942977461762737
6707.000000000843 0.942977461762737
6708.000000000843 0.942977461762737
6709.000000000843 0.942977461762737
6710.000000000844 0.942977461762737
6711.000000000844 0.942977461762737
6712.000000000844 0.942977461762737
6713.000000000844 0.942977461762737
6714.000000000844 0.942977461762737
6715.000000000845 0.942977461762737
6716.000000000845 0.942977461762737
6717.000000000845 0.942977461762737
6718.000000000846 0.942977461762737
6719.000000000846 0.942977461762737
6720.000000000846 0.942977461762737
6721.000000000846 0.942977461762737
6722.000000000846 0.942977461762737
6723.000000000847 0.942977461762737
6724.000000000847 0.942977461762737
6725.000000000847 0.942977461762737
6726.000000000848 0.942977461762737
6727.000000000848 0.942977461762737
6728.000000000848 0.942977461762737
6729.000000000848 0.942977461762737
6730.000000000848 0.942977461762737
6731.000000000849 0.942977461762737
6732.000000000849 0.942977461762737
6733.000000000849 0.942977461762737
6734.0000000008495 0.942977461762737
6735.0000000008495 0.942977461762737
6736.0000000008495 0.942977461762737
6737.0000000008495 0.942977461762737
6738.0000000008495 0.942977461762737
6739.00000000085 0.942977461762737
6740.00000000085 0.942977461762737
6741.00000000085 0.942977461762737
6742.000000000851 0.942977461762737
6743.000000000851 0.942977461762737
6744.000000000851 0.942977461762737
6745.000000000851 0.942977461762737
6746.000000000851 0.942977461762737
6747.000000000852 0.942977461762737
6748.000000000852 0.942977461762737
6749.000000000852 0.942977461762737
6750.000000000853 0.942977461762737
6751.000000000853 0.942977461762737
6752.000000000853 0.942977461762737
6753.000000000853 0.942977461762737
6754.000000000853 0.942977461762737
6755.000000000854 0.942977461762737
6756.000000000854 0.942977461762737
6757.000000000854 0.942977461762737
6758.000000000855 0.942977461762737
6759.000000000855 0.942977461762737
6760.000000000855 0.942977461762737
6761.000000000855 0.942977461762737
6762.000000000855 0.942977461762737
6763.000000000856 0.942977461762737
6764.000000000856 0.942977461762737
6765.000000000856 0.942977461762737
6766.000000000857 0.942977461762314
6767.000000000857 0.9424832387739684
6768.000000000857 0.9419890157844366
6769.000000000857 0.9401109684287248
6770.000000000857 0.9382329210730128
6771.000000000858 0.9363548737173009
6772.000000000858 0.9344768263615889
6773.000000000858 0.9325987790058758
6774.000000000859 0.9307207316501629
6775.000000000859 0.9288426842944509
6776.000000000859 0.926964636938739
6777.000000000859 0.9250865895830259
6778.000000000859 0.923208542227313
6779.0000000008595 0.921330494871601
6780.0000000008595 0.9194524475158465
6781.0000000008595 0.9175249778613
6782.00000000086 0.9155975082067961
6783.00000000086 0.9137194608510831
6784.00000000086 0.9118414134953701
6785.00000000086 0.9099633661396581
6786.00000000086 0.9080853187839462
6787.000000000861 0.9062072714282332
6788.000000000861 0.9043292240725201
6789.000000000861 0.9024511767168082
6790.000000000862 0.9005731293610961
6791.000000000862 0.8986950820053842
6792.000000000862 0.8968170346496297
6793.000000000862 0.8948895649950821
6794.000000000862 0.8929620953405772
6795.000000000863 0.8910840479848653
6796.000000000863 0.8892060006291532
6797.000000000863 0.8873279532734403
6798.000000000864 0.8854499059177273
6799.000000000864 0.8835718585620153
6800.000000000864 0.8816938112063033
6801.000000000864 0.8798157638505913
6802.000000000864 0.8779377164936412
6803.000000000865 0.874626422471726
6804.000000000865 0.8713151284494262
6805.000000000865 0.8675590337380022
6806.000000000866 0.8638029390265356
6807.000000000866 0.859997422016275
6808.000000000866 0.8561919050060572
6809.000000000866 0.8524358102946334
6810.000000000866 0.8486797155832095
6811.000000000867 0.8449236208717855
6812.000000000867 0.8411675261603189
6813.000000000867 0.8373620091500583
6814.000000000868 0.8335564921398406
6815.000000000868 0.8298003974284166
6816.000000000868 0.8260443027169927
6817.000000000868 0.8222882080055667
6818.000000000868 0.8185321132940977
6819.000000000869 0.8147265962838394
6820.000000000869 0.8109210792736238
6821.000000000869 0.8071649845621999
6822.0000000008695 0.803408889850776
6823.0000000008695 0.79965279513935
6824.0000000008695 0.7958967004278811
6825.0000000008695 0.7920911834176226
6826.0000000008695 0.788285666407407
6827.00000000087 0.784529571695981
6828.00000000087 0.780773476984555
6829.00000000087 0.7770173822731311
6830.000000000871 0.7732612875616641
6831.000000000871 0.7694557705514057
6832.000000000871 0.7656502535411903
6833.000000000871 0.7618941588297643
6834.000000000871 0.7581380641183383
6835.000000000872 0.7543819694069144
6836.000000000872 0.7506258746954905
6837.000000000872 0.7468697799840646
6838.000000000873 0.7431136852725952
6839.000000000873 0.7393081682623368
6840.000000000873 0.7355026512521217
6841.000000000873 0.7317465565406976
6842.000000000873 0.7279904618292738
6843.000000000874 0.7242343671178477
6844.000000000874 0.7204782724063785
6845.000000000874 0.7166727553961201
6846.000000000875 0.7128672383859048
6847.000000000875 0.7091111436744788
6848.000000000875 0.7053550489630528
6849.000000000875 0.7015989542516289
6850.000000000875 0.6978428595401618
6851.000000000876 0.6940373425299033
6852.000000000876 0.6902318255196882
6853.000000000876 0.6864757308082621
6854.000000000877 0.6827196360968361
6855.000000000877 0.6789635413854122
6856.000000000877 0.6752074466739449
6857.000000000877 0.6714019296636844
6858.000000000877 0.6675964126534671
6859.000000000878 0.6638403179420432
6860.000000000878 0.6600842232306193
6861.000000000878 0.6563281285191954
6862.000000000879 0.6525720338077282
6863.000000000879 0.6487665167974676
6864.000000000879 0.6449609997872504
6865.000000000879 0.6412049050758266
6866.000000000879 0.6374488103644027
6867.0000000008795 0.6336927156529767
6868.0000000008795 0.629936620941507
6869.0000000008795 0.6261311039312486
6870.00000000088 0.6223255869210338
6871.00000000088 0.6185694922096098
6872.00000000088 0.6148133974981859
6873.00000000088 0.6110573027867598
6874.00000000088 0.6073012080752902
6875.000000000881 0.6034956910650319
6876.000000000881 0.599690174054817
6877.000000000881 0.5959340793433909
6878.000000000882 0.5921779846319648
6879.000000000882 0.588421889920541
6880.000000000882 0.5846657952090736
6881.000000000882 0.5808602781988151
6882.000000000882 0.5770547611886002
6883.000000000883 0.5732986664771742
6884.000000000883 0.5695425717657482
6885.000000000883 0.5657864770543243
6886.000000000884 0.5620303823429004
6887.000000000884 0.5582742876314744
6888.000000000884 0.5545181929200047
6889.000000000884 0.5507126759097462
6890.000000000884 0.5469071588995315
6891.000000000885 0.5431510641881075
6892.000000000885 0.5393949694766836
6893.000000000885 0.5356388747652577
6894.000000000886 0.5318827800537879
6895.000000000886 0.5280772630435294
6896.000000000886 0.5242717460333148
6897.000000000886 0.5205156513218888
6898.000000000886 0.5167595566104628
6899.000000000887 0.5130034618990389
6900.000000000887 0.509247367187571
6901.000000000887 0.5054418501773126
6902.000000000888 0.501636333167098
6903.000000000888 0.49788023845567203
6904.000000000888 0.49412414374424596
6905.000000000888 0.49036804903282205
6906.000000000888 0.4866119543213543
6907.000000000889 0.4828064373110937
6908.000000000889 0.47900092030087704
6909.000000000889 0.47524482558945313
6910.0000000008895 0.4714887308780292
6911.0000000008895 0.4677326361666053
6912.0000000008895 0.4639765414551375
6913.0000000008895 0.4601710244448769
6914.0000000008895 0.4563655074346603
6915.00000000089 0.4526094127232364
6916.00000000089 0.44885331801181255
6917.00000000089 0.4450972233003865
6918.000000000891 0.4413411285889164
6919.000000000891 0.437535611578658
6920.000000000891 0.43373009456844364
6921.000000000891 0.4299739998570197
6922.000000000891 0.4262179051455958
6923.000000000892 0.42246181043416975
6924.000000000892 0.4187057157226996
6925.000000000892 0.4149001987124412
6926.000000000893 0.41109468170222685
6927.000000000893 0.40733858699080083
6928.000000000893 0.40358249227937476
6929.000000000893 0.3998263975679509
6930.000000000893 0.3960703028564828
6931.000000000894 0.39226478584622443
6932.000000000894 0.3884592688360102
6933.000000000894 0.38470317412458416
6934.000000000895 0.38094707941315814
6935.000000000895 0.3771909847017342
6936.000000000895 0.3734348899903103
6937.000000000895 0.36967879527888425
6938.000000000895 0.36592270056741394
6939.000000000896 0.3621171835571555
6940.000000000896 0.35831166654694135
6941.000000000896 0.35455557183551745
6942.000000000897 0.3507994771240936
6943.000000000897 0.3470433824126675
6944.000000000897 0.34328728770119715
6945.000000000897 0.3394817706909387
6946.000000000897 0.3356762536807247
6947.000000000898 0.3319201589692986
6948.000000000898 0.3281640642578726
6949.000000000898 0.32440796954644874
6950.000000000899 0.3206518748349804
6951.000000000899 0.316846357824722
6952.000000000899 0.3130408408145079
6953.000000000899 0.3092847461030819
6954.000000000899 0.3055286513916558
6955.0000000008995 0.30177255668023195
6956.0000000008995 0.2980164619687636
6957.0000000008995 0.294210944958503
6958.0000000009 0.2904054279482869
6959.0000000009 0.28664933323686304
6960.0000000009 0.28289323852543913
6961.0000000009 0.2791371438140152
6962.0000000009 0.2753810491025468
6963.000000000901 0.27157553209228624
6964.000000000901 0.2677700150820702
6965.000000000901 0.2640139203706463
6966.000000000902 0.2602578256592224
6967.000000000902 0.2565017309477963
6968.000000000902 0.25274563623632573
6969.000000000902 0.2489401192260673
6970.000000000902 0.24513460221585348
6971.000000000903 0.24137850750442957
6972.000000000903 0.23762241279300567
6973.000000000903 0.23386631808157968
6974.000000000904 0.23011022337010897
6975.000000000904 0.2263047063598505
6976.000000000904 0.22249918934963675
6977.000000000904 0.21874309463821073
6978.000000000904 0.2149869999267847
6979.000000000905 0.21123090521536078
6980.000000000905 0.20747481050389216
6981.000000000905 0.20366929349363375
6982.000000000906 0.19986377648342002
6983.000000000906 0.196107681771994
6984.000000000906 0.19235158706056799
6985.000000000906 0.18859549234914408
6986.000000000906 0.18483939763772017
6987.000000000907 0.18108330292629415
6988.000000000907 0.17732720821482328
6989.000000000907 0.17352169120456484
6990.000000000908 0.16971617419435125
6991.000000000908 0.16596007948292735
6992.000000000908 0.16220398477150344
6993.000000000908 0.15844789006007742
6994.000000000908 0.1546917953486065
6995.000000000909 0.15088627833834806
6996.000000000909 0.14708076132813452
6997.000000000909 0.14332466661670848
6998.0000000009095 0.13956857190528246
6999.0000000009095 0.13581247719385856
7000.0000000009095 0.1320563824823897
7001.0000000009095 0.12825086547213127
7002.0000000009095 0.12444534846191783
7003.00000000091 0.12068925375049178
7004.00000000091 0.11693315903906575
7005.00000000091 0.11317706432764184
7006.000000000911 0.10942096961617294
7007.000000000911 0.10561545260591233
7008.000000000911 0.10180993559569682
7009.000000000911 0.09805384088427292
7010.000000000911 0.09429774617456135
7011.000000000912 0.0924196988188494
7012.000000000912 0.09054165146313746
7013.000000000912 0.08866360410742444
7014.000000000913 0.08678555675171143
7015.000000000913 0.08490750939599949
7016.000000000913 0.08302946204024242
7017.000000000913 0.08110199238569483
7018.000000000913 0.07917452273119244
7019.000000000914 0.0772964753754805
7020.000000000914 0.07541842801976854
7021.000000000914 0.07354038066405659
7022.000000000915 0.07166233330834464
7023.000000000915 0.06978428595263161
7024.000000000915 0.06790623859691859
7025.000000000915 0.06602819124120665
7026.000000000915 0.0641501438854947
7027.000000000916 0.06227209652978169
7028.000000000916 0.060394049174023384
7029.000000000916 0.05846657951947691
7030.000000000917 0.05653910986497571
7031.000000000917 0.054661062509263766
7032.000000000917 0.05278301515355182
7033.000000000917 0.0509049677978388
7034.000000000917 0.04902692044212578
7035.000000000918 0.04714887308641383
7036.000000000918 0.04527082573070188
7037.000000000918 0.043392778374988866
7038.000000000919 0.04151473101927585
7039.000000000919 0.0396366836635639
7040.000000000919 0.03775863630780655
7041.000000000919 0.035831166653260076
7042.000000000919 0.033903696998758996
7043.0000000009195 0.032025649643045974
7044.0000000009195 0.030147602287332962
7045.0000000009195 0.028269554931621012
7046.00000000092 0.02639150757590906
7047.00000000092 0.024513460220196043
7048.00000000092 0.022635412864483024
7049.00000000092 0.020757365508771077
7050.00000000092 0.018879318153059124
7051.000000000921 0.017001270797347173
7052.000000000921 0.015123223441589714
7053.000000000921 0.013195753787042144
7054.000000000922 0.011268284132540142
7055.000000000922 0.00939023677682819
7056.000000000922 0.007512189421116241
7057.000000000922 0.005634142065403223
7058.000000000922 0.003756094709690205
7059.000000000923 0.001878047353978255
7060.000000000923 0.0
7061.000000000923 0.0
7062.000000000924 0.0
7063.000000000924 0.0
7064.000000000924 0.0
7065.000000000924 0.0
7066.000000000924 0.0
7067.000000000925 0.0
7068.000000000925 0.0
7069.000000000925 0.0
7070.000000000926 0.0
7071.000000000926 0.0
7072.000000000926 0.0
7073.000000000926 0.0
7074.000000000926 0.0
7075.000000000927 0.0
7076.000000000927 0.0
7077.000000000927 0.0
7078.000000000928 0.0
7079.000000000928 0.0
7080.000000000928 0.0
7081.000000000928 0.0
7082.000000000928 0.0
7083.000000000929 0.0
7084.000000000929 0.0
7085.000000000929 0.0
7086.0000000009295 0.0
7087.0000000009295 0.0
7088.0000000009295 0.0
7089.0000000009295 0.0
7090.0000000009295 0.0
7091.00000000093 0.0
7092.00000000093 0.0
7093.00000000093 0.0
7094.000000000931 0.0
7095.000000000931 0.0
7096.000000000931 0.0
7097.000000000931 0.0
7098.000000000931 0.0
7099.000000000932 0.0
7100.000000000932 0.0
7101.000000000932 0.0
7102.000000000933 0.0
7103.000000000933 0.0
7104.000000000933 0.0
7105.000000000933 0.0
7106.000000000933 0.0
7107.000000000934 0.0
7108.000000000934 0.0
7109.000000000934 0.0
7110.000000000935 0.0
7111.000000000935 0.0
7112.000000000935 0.0
7113.000000000935 0.0
7114.000000000935 0.0
7115.000000000936 0.0
7116.000000000936 0.0
7117.000000000936 0.0
7118.000000000937 0.0
7119.000000000937 0.0
7120.000000000937 0.0
7121.000000000937 0.0
7122.000000000937 0.0
7123.000000000938 0.0
7124.000000000938 0.0
7125.000000000938 0.0
7126.000000000939 0.0
7127.000000000939 0.0
7128.000000000939 0.0
7129.000000000939 0.0
7130.000000000939 0.0
7131.0000000009395 0.0
7132.0000000009395 0.0
7133.0000000009395 0.0
7134.00000000094 0.0
7135.00000000094 0.0
7136.00000000094 0.0
7137.00000000094 0.0
7138.00000000094 0.0
7139.000000000941 0.0
7140.000000000941 0.0
7141.000000000941 0.0
7142.000000000942 0.0
7143.000000000942 0.0
7144.000000000942 0.0
7145.000000000942 0.0
7146.000000000942 0.0
7147.000000000943 0.0
7148.000000000943 0.0
7149.000000000943 0.0
7150.000000000944 0.0
7151.000000000944 0.0
7152.000000000944 0.0
7153.000000000944 0.0
7154.000000000944 0.0
7155.000000000945 0.0
7156.000000000945 0.0
7157.000000000945 0.0
7158.000000000946 0.0
7159.000000000946 0.0
7160.000000000946 0.0
7161.000000000946 0.0
7162.000000000946 0.0
7163.000000000947 0.0
7164.000000000947 0.0
7165.000000000947 0.0
7166.000000000948 0.0
7167.000000000948 0.0
7168.000000000948 0.0
7169.000000000948 0.0
7170.000000000948 0.0
7171.000000000949 0.0
7172.000000000949 0.0
7173.000000000949 0.0
7174.0000000009495 0.0
7175.0000000009495 0.0
7176.0000000009495 0.0
7177.0000000009495 0.0
7178.0000000009495 0.0
7179.00000000095 0.0
7180.00000000095 0.0
7181.00000000095 0.0
7182.000000000951 0.0
7183.000000000951 0.0
7184.000000000951 0.0
7185.000000000951 0.0
7186.000000000951 0.0
7187.000000000952 0.0
7188.000000000952 0.0
7189.000000000952 0.0
7190.000000000953 0.0
7191.000000000953 0.0
7192.000000000953 0.0
7193.000000000953 0.0
7194.000000000953 0.0
7195.000000000954 0.0
