8000.000000001137 0.0
8001.000000001137 0.0
8002.000000001137 0.0
8003.000000001138 0.0
8004.000000001138 0.0
8005.000000001138 0.0
8006.000000001139 0.0
8007.000000001139 0.0
8008.000000001139 0.0
8009.000000001139 0.0
8010.000000001139 0.0
8011.00000000114 0.0
8012.00000000114 0.0
8013.00000000114 0.0
8014.0000000011405 0.0
8015.0000000011405 0.0
8016.0000000011405 0.0
8017.0000000011405 0.0
8018.0000000011405 0.0
8019.000000001141 0.0
8020.000000001141 0.0
8021.000000001141 0.0
8022.000000001142 0.0
8023.000000001142 0.0
8024.000000001142 0.0
8025.000000001142 0.0
8026.000000001142 0.0
8027.000000001143 0.0
8028.000000001143 0.0
8029.000000001143 0.0
8030.000000001144 2.1479032055205977e-12
8031.000000001144 0.0018780473578598534
8032.000000001144 0.0037560947135152796
8033.000000001144 0.005584719770393744
8034.000000001144 0.0074133448273287885
8035.000000001145 0.009291392183040738
8036.000000001145 0.011169439538696108
8037.000000001145 0.012998064595574574
8038.000000001146 0.014826689652509674
8039.000000001146 0.016704737008221622
8040.000000001146 0.01858278436387694
8041.000000001146 0.020411409420754364
8042.000000001146 0.022240034477688426
8043.000000001147 0.024118081833401445
8044.000000001147 0.02599612918905777
8045.000000001147 0.027824754245935193
8046.000000001148 0.029653379302869307
8047.000000001148 0.03153142665858232
8048.000000001148 0.033409474014295344
8049.000000001148 0.03528752137000729
8050.000000001148 0.0371655687256625
8051.000000001149 0.038994193782539925
8052.000000001149 0.0408228188394741
8053.000000001149 0.04270086619518712
8054.00000000115 0.04457891355084333
8055.00000000115 0.046407538607720754
8056.00000000115 0.04823616366465498
8057.00000000115 0.050114211020368005
8058.00000000115 0.051992258376024156
8059.0000000011505 0.05382088343290158
8060.0000000011505 0.055649508489835874
8061.0000000011505 0.05752755584554782
8062.000000001151 0.05940560320125977
8063.000000001151 0.06128365055697278
8064.000000001151 0.06316169791262888
8065.000000001151 0.06499032296950631
8066.000000001151 0.06681894802644064
8067.000000001152 0.06869699538215367
8068.000000001152 0.07057504273780972
8069.000000001152 0.07240366779468714
8070.000000001153 0.07423229285162154
8071.000000001153 0.07611034020733348
8072.000000001153 0.07798838756298847
8073.000000001153 0.07981701261986694
8074.000000001153 0.08164563767680244
8075.000000001154 0.08352368503251438
8076.000000001154 0.0854017323881693
8077.000000001154 0.08723035744504777
8078.000000001155 0.0890589825019833
8079.000000001155 0.09093702985769525
8080.000000001155 0.09281507721551938
8081.000000001155 0.09652174962810875
8082.000000001155 0.10022842204069812
8083.000000001156 0.1039350944532896
8084.000000001156 0.10764176686588109
8085.000000001156 0.11134843927847046
8086.000000001157 0.11505511169105984
8087.000000001157 0.11876178410365133
8088.000000001157 0.12246845651629999
8089.000000001157 0.12622455122772389
8090.000000001157 0.12998064593909062
8091.000000001158 0.13368731835168
8092.000000001158 0.13739399076426936
8093.000000001158 0.14110066317686085
8094.000000001159 0.1448073355894523
8095.000000001159 0.14851400800204168
8096.000000001159 0.15222068041463105
8097.000000001159 0.15592735282722256
8098.000000001159 0.15963402523981404
8099.00000000116 0.16334069765240342
8100.00000000116 0.1670473700649928
8101.00000000116 0.17075404247758216
8102.0000000011605 0.17446071489017154
8103.0000000011605 0.17816738730276302
8104.0000000011605 0.18187405971541187
8105.0000000011605 0.18563015442683578
8106.0000000011605 0.18938624913820232
8107.000000001161 0.19309292155079377
8108.000000001161 0.19679959396338526
8109.000000001161 0.20050626637597463
8110.000000001162 0.20421293878856403
8111.000000001162 0.2079196112011534
8112.000000001162 0.21162628361374278
8113.000000001162 0.21533295602633423
8114.000000001162 0.21903962843892572
8115.000000001163 0.22274630085151512
8116.000000001163 0.2264529732641045
8117.000000001163 0.23015964567669597
8118.000000001164 0.23386631808928743
8119.000000001164 0.23757299050187683
8120.000000001164 0.24127966291452377
8121.000000001164 0.24503575762594762
8122.000000001164 0.24879185233731396
8123.000000001165 0.2524985247499055
8124.000000001165 0.25620519716249696
8125.000000001165 0.25991186957508633
8126.000000001166 0.2636185419876757
8127.000000001166 0.2673252144002672
8128.000000001166 0.27103188681285867
8129.000000001166 0.27473855922544804
8130.000000001166 0.2784452316380374
8131.000000001167 0.2821519040506268
8132.000000001167 0.2858585764632162
8133.000000001167 0.2895652488758077
8134.000000001168 0.2932719212883992
8135.000000001168 0.29697859370098856
8136.000000001168 0.30068526611357793
8137.000000001168 0.30439193852616936
8138.000000001168 0.3080986109388186
8139.000000001169 0.31185470565024254
8140.000000001169 0.3156108003616086
8141.000000001169 0.31931747277419803
8142.00000000117 0.32302414518678735
8143.00000000117 0.32673081759937883
8144.00000000117 0.33043749001197037
8145.00000000117 0.33414416242455974
8146.00000000117 0.3378508348371491
8147.0000000011705 0.3415575072497406
8148.0000000011705 0.3452641796623321
8149.0000000011705 0.34897085207492146
8150.000000001171 0.35267752448751083
8151.000000001171 0.35638419690010026
8152.000000001171 0.3600908693126896
8153.000000001171 0.3637975417252811
8154.000000001171 0.3675042141379305
8155.000000001172 0.3712603088493544
8156.000000001172 0.37501640356072036
8157.000000001172 0.3787230759733119
8158.000000001173 0.3824297483859034
8159.000000001173 0.3861364207984927
8160.000000001173 0.38984309321108207
8161.000000001173 0.3935497656236714
8162.000000001173 0.3972564380362608
8163.000000001174 0.40096311044885224
8164.000000001174 0.4046697828614437
8165.000000001174 0.40837645527403316
8166.000000001175 0.41208312768662253
8167.000000001175 0.415789800099214
8168.000000001175 0.4194964725118055
8169.000000001175 0.42320314492439487
8170.000000001175 0.42690981733704236
8171.000000001176 0.43066591204846627
8172.000000001176 0.43442200675983206
8173.000000001176 0.43812867917242354
8174.000000001177 0.441835351585015
8175.000000001177 0.4455420239976044
8176.000000001177 0.44924869641019377
8177.000000001177 0.45295536882278525
8178.000000001177 0.45666204123537674
8179.000000001178 0.4603687136479661
8180.000000001178 0.4640753860605555
8181.000000001178 0.4677820584731448
8182.000000001179 0.47148873088573423
8183.000000001179 0.4751954032983257
8184.000000001179 0.4789020757109172
8185.000000001179 0.48260874812350657
8186.000000001179 0.48631542053609594
8187.00000000118 0.4900220929486874
8188.00000000118 0.4937287653613372
8189.00000000118 0.49748486007276116
8190.0000000011805 0.5012409547841267
8191.0000000011805 0.504947627196716
8192.00000000118 0.5086542996093054
8193.00000000118 0.5123609720218969
8194.00000000118 0.5160676444344885
8195.00000000118 0.5197743168470778
8196.000000001182 0.5234809892596671
8197.000000001182 0.5271876616722586
8198.000000001182 0.5308943340848502
8199.000000001182 0.5346010064974396
8200.000000001182 0.5383076789100288
8201.000000001182 0.5420143513226182
8202.000000001182 0.5457210237352077
8203.000000001182 0.5494276961477992
8204.000000001182 0.5531343685604491
8205.000000001184 0.556890463271873
8206.000000001184 0.5606465579832384
8207.000000001184 0.5643532303958299
8208.000000001184 0.5680599028084213
8209.000000001184 0.5717665752210108
8210.000000001184 0.5754732476336002
8211.000000001184 0.5791799200461895
8212.000000001186 0.5828865924587789
8213.000000001186 0.5865932648713704
8214.000000001186 0.5902999372839618
8215.000000001186 0.5940066096965512
8216.000000001186 0.5977132821091405
8217.000000001186 0.601419954521732
8218.000000001186 0.6051266269343235
8219.000000001186 0.608833299346913
8220.000000001186 0.612539971759561
8221.000000001188 0.6162960664709849
8222.000000001188 0.6200521611823501
8223.000000001188 0.6237588335949416
8224.000000001188 0.627465506007533
8225.000000001188 0.6311721784201224
8226.000000001188 0.6348788508327118
8227.000000001188 0.6385855232453033
8228.00000000119 0.6422921956578947
8229.00000000119 0.6459988680704842
8230.00000000119 0.6497055404830735
8231.00000000119 0.6534122128956629
8232.00000000119 0.6571188853082521
8233.00000000119 0.6608255577208437
8234.00000000119 0.6645322301334353
8235.00000000119 0.6682389025460246
8236.00000000119 0.671945574958614
8237.000000001191 0.6756522473712054
8238.000000001191 0.6793589197838559
8239.000000001191 0.6831150144952797
8240.000000001191 0.6868711092066447
8241.000000001191 0.6905777816192341
8242.000000001191 0.6942844540318235
8243.000000001191 0.697991126444415
8244.000000001193 0.7016977988570064
8245.000000001193 0.7054044712695959
8246.000000001193 0.7091111436821853
8247.000000001193 0.7128178160947767
8248.000000001193 0.7165244885073682
8249.000000001193 0.7202311609199575
8250.000000001193 0.723937833332547
8251.000000001193 0.7276445057451364
8252.000000001193 0.7313511781577257
8253.000000001195 0.7350578505703171
8254.000000001195 0.7387645229829677
8255.000000001195 0.7425206176943916
8256.000000001195 0.7462767124057564
8257.000000001195 0.7499833848183479
8258.000000001195 0.7536900572309394
8259.000000001195 0.7573967296435288
8260.000000001197 0.7611034020561182
8261.000000001197 0.7648100744687075
8262.000000001197 0.7685167468812969
8263.000000001197 0.7722234192938884
8264.000000001197 0.7759300917064799
8265.000000001197 0.7796367641190693
8266.000000001197 0.7833434365316586
8267.000000001197 0.7870501089442501
8268.000000001197 0.7907567813568417
8269.000000001199 0.794463453769431
8270.000000001199 0.7981701261820795
8271.000000001199 0.8019262208935034
8272.000000001199 0.8056823156048682
8273.000000001199 0.8093889880174596
8274.000000001199 0.8130956604300511
8275.000000001199 0.8168023328426404
8276.0000000012 0.8205090052552299
8277.0000000012 0.8242156776678213
8278.0000000012 0.8279223500804128
8279.0000000012 0.8316290224930022
8280.0000000012 0.8353356949055915
8281.0000000012 0.8390423673181809
8282.0000000012 0.8427490397307703
8283.0000000012 0.8464557121433618
8284.0000000012 0.8501623845559533
8285.000000001202 0.8538690569685427
8286.000000001202 0.8575757293805976
8287.000000001202 0.860837601103678
8288.000000001202 0.864099472825094
8289.000000001202 0.865977520180806
8290.000000001202 0.8678555675364585
8291.000000001202 0.869684192593336
8292.000000001204 0.8715128176502728
8293.000000001204 0.8733908650059858
8294.000000001204 0.8752689123616394
8295.000000001204 0.8770975374185168
8296.000000001204 0.8789261624754537
8297.000000001204 0.8808042098311668
8298.000000001204 0.8826822571868203
8299.000000001204 0.8845108822436977
8300.000000001204 0.8863395073006346
8301.000000001206 0.8882175546563466
8302.000000001206 0.8900956020120584
8303.000000001206 0.8919736493677715
8304.000000001206 0.8938516967234249
8305.000000001206 0.8956803217803024
8306.000000001206 0.8975089468372395
8307.000000001206 0.8993869941929525
8308.000000001208 0.9012650415486059
8309.000000001208 0.9030936666054832
8310.000000001208 0.9049222916624202
8311.000000001208 0.9068003390181322
8312.000000001208 0.9086783863737845
8313.000000001208 0.910507011430663
8314.000000001208 0.9123356364876012
8315.000000001208 0.914213683843313
8316.000000001208 0.9160917311989653
8317.00000000121 0.9179203562558438
8318.00000000121 0.919748981312782
8319.00000000121 0.921627028668494
8320.00000000121 0.923505076024206
8321.00000000121 0.9253831233799179
8322.00000000121 0.9272611707338962
8323.00000000121 0.927705971423407
8324.000000001211 0.9281507721123795
8325.000000001211 0.9281507721123795
8326.000000001211 0.9281507721123795
8327.000000001211 0.9281507721123795
8328.000000001211 0.9281507721123795
8329.000000001211 0.9281507721123795
8330.000000001211 0.9281507721123795
8331.000000001211 0.9281507721123795
8332.000000001211 0.9281507721123795
8333.000000001213 0.9281507721123795
8334.000000001213 0.9281507721123795
8335.000000001213 0.9281507721123795
8336.000000001213 0.9281507721123795
8337.000000001213 0.9281507721123795
8338.000000001213 0.9281507721123795
8339.000000001213 0.9281507721123795
8340.000000001215 0.9281507721123795
8341.000000001215 0.9281507721123795
8342.000000001215 0.9281507721123795
8343.000000001215 0.9281507721123795
8344.000000001215 0.9281507721123795
8345.000000001215 0.9281507721123795
8346.000000001215 0.9281507721123795
8347.000000001215 0.9281507721123795
8348.000000001215 0.9281507721123795
8349.000000001217 0.9281507721123795
8350.000000001217 0.9281507721123795
8351.000000001217 0.9281507721123795
8352.000000001217 0.9281507721123795
8353.000000001217 0.9281507721123795
8354.000000001217 0.9281507721123795
8355.000000001217 0.9281507721123795
8356.000000001219 0.9281507721123795
8357.000000001219 0.9281507721123795
8358.000000001219 0.9281507721123795
8359.000000001219 0.9281507721123795
8360.000000001219 0.9281507721123795
8361.000000001219 0.9281507721123795
8362.000000001219 0.9281507721123795
8363.000000001219 0.9281507721123795
8364.000000001219 0.9281507721123795
8365.00000000122 0.9281507721123795
8366.00000000122 0.9281507721123795
8367.00000000122 0.9281507721123795
8368.00000000122 0.9281507721123795
8369.00000000122 0.9281507721123795
8370.00000000122 0.9281507721123795
8371.00000000122 0.9281507721123795
8372.000000001222 0.9281507721123795
8373.000000001222 0.9281507721123795
8374.000000001222 0.9281507721123795
8375.000000001222 0.9281507721123795
8376.000000001222 0.9281507721123795
8377.000000001222 0.9281507721123795
8378.000000001222 0.9281507721123795
8379.000000001222 0.9281507721123795
8380.000000001222 0.9281507721123795
8381.000000001224 0.9281507721123795
8382.000000001224 0.9281507721123795
8383.000000001224 0.9281507721123795
8384.000000001224 0.9281507721123795
8385.000000001224 0.9281507721123795
8386.000000001224 0.9281507721123795
8387.000000001224 0.9281507721123795
8388.000000001226 0.9281507721123795
8389.000000001226 0.9281507721123795
8390.000000001226 0.9281507721123795
8391.000000001226 0.9281507721123795
8392.000000001226 0.9281507721123795
8393.000000001226 0.9281507721123795
8394.000000001226 0.9281507721123795
8395.000000001226 0.9281507721123795
8396.000000001226 0.9281507721123795
8397.000000001228 0.9281507721123795
8398.000000001228 0.9281507721123795
8399.000000001228 0.9281507721123795
8400.000000001228 0.9281507721123795
8401.000000001228 0.9281507721123795
8402.000000001228 0.9281507721123795
8403.000000001228 0.9281507721123795
8404.00000000123 0.9281507721123795
8405.00000000123 0.9281507721123795
8406.00000000123 0.9281507721123795
8407.00000000123 0.9281507721123795
8408.00000000123 0.9281507721123795
8409.00000000123 0.9281507721123795
8410.00000000123 0.9281507721123795
8411.00000000123 0.9281507721123795
8412.00000000123 0.9281507721123795
8413.000000001231 0.9281507721123795
8414.000000001231 0.9281507721123795
8415.000000001231 0.9281507721123795
8416.000000001231 0.9281507721123795
8417.000000001231 0.9281507721123795
8418.000000001231 0.9281507721123795
8419.000000001231 0.9281507721123795
8420.000000001233 0.9281507721123795
8421.000000001233 0.9281507721123795
8422.000000001233 0.9281507721123795
8423.000000001233 0.9281507721123795
8424.000000001233 0.9281507721123795
8425.000000001233 0.9281507721123795
8426.000000001233 0.9281507721123795
8427.000000001233 0.9281507721123795
8428.000000001233 0.9281507721123795
8429.000000001235 0.9281507721123795
8430.000000001235 0.9281507721123795
8431.000000001235 0.9281507721123795
8432.000000001235 0.9281507721123795
8433.000000001235 0.9281507721123795
8434.000000001235 0.9281507721123795
8435.000000001235 0.9281507721123795
8436.000000001237 0.9281507721123795
8437.000000001237 0.9281507721123795
8438.000000001237 0.9281507721123795
8439.000000001237 0.9281507721123795
8440.000000001237 0.9281507721123795
8441.000000001237 0.9281507721123795
8442.000000001237 0.9281507721123795
8443.000000001237 0.9281507721123795
8444.000000001237 0.9281507721123795
8445.000000001239 0.9281507721123795
8446.000000001239 0.9281507721123795
8447.000000001239 0.9281507721123795
8448.000000001239 0.9281507721123795
8449.000000001239 0.9281507721123795
8450.000000001239 0.9281507721123795
8451.000000001239 0.9281507721123795
8452.00000000124 0.9281507721123795
8453.00000000124 0.9281507721123795
8454.00000000124 0.9281507721123795
8455.00000000124 0.9281507721123795
8456.00000000124 0.9281507721123795
8457.00000000124 0.9281507721123795
8458.00000000124 0.9281507721123795
8459.00000000124 0.9281507721123795
8460.00000000124 0.9281507721123795
8461.000000001242 0.9281507721123795
8462.000000001242 0.9281507721123795
8463.000000001242 0.9281507721123795
8464.000000001242 0.9281507721123795
8465.000000001242 0.9281507721123795
8466.000000001242 0.9281507721123795
8467.000000001242 0.9281507721123795
8468.000000001244 0.9281507721123795
8469.000000001244 0.9281507721123795
8470.000000001244 0.9281507721123795
8471.000000001244 0.9281507721123795
8472.000000001244 0.9281507721123795
8473.000000001244 0.9281507721123795
8474.000000001244 0.9281507721123795
8475.000000001244 0.9281507721123795
8476.000000001244 0.9281507721123795
8477.000000001246 0.9281507721123795
8478.000000001246 0.9281507721123795
8479.000000001246 0.9281507721123795
8480.000000001246 0.9281507721123795
8481.000000001246 0.9281507721123795
8482.000000001246 0.9281507721123795
8483.000000001246 0.9281507721123795
8484.000000001248 0.9281507721123795
8485.000000001248 0.9281507721123795
8486.000000001248 0.9281507721123795
8487.000000001248 0.9281507721123795
8488.000000001248 0.9281507721123795
8489.000000001248 0.9281507721123795
8490.000000001248 0.9281507721123795
8491.000000001248 0.9281507721123795
8492.000000001248 0.9281507721123795
8493.00000000125 0.9281507721123795
8494.00000000125 0.9281507721123795
8495.00000000125 0.9281507721123795
8496.00000000125 0.9281507721123795
8497.00000000125 0.9281507721123795
8498.00000000125 0.9281507721123795
8499.00000000125 0.9281507721123795
8500.000000001251 0.9281507721123795
8501.000000001251 0.9281507721123795
8502.000000001251 0.9281507721123795
8503.000000001251 0.9281507721123795
8504.000000001251 0.9281507721123795
8505.000000001251 0.9281507721123795
8506.000000001251 0.9281507721123795
8507.000000001251 0.9281507721123795
8508.000000001251 0.9281507721123795
8509.000000001253 0.9281507721123795
8510.000000001253 0.9281507721123795
8511.000000001253 0.9281507721123795
8512.000000001253 0.9281507721123795
8513.000000001253 0.9281507721123795
8514.000000001253 0.9281507721123795
8515.000000001253 0.9281507721123795
8516.000000001255 0.9281507721123795
8517.000000001255 0.9281507721123795
8518.000000001255 0.9281507721123795
8519.000000001255 0.9281507721123795
8520.000000001255 0.9281507721123795
8521.000000001255 0.9281507721123795
8522.000000001255 0.9281507721123795
8523.000000001255 0.9281507721123795
8524.000000001255 0.9281507721123795
8525.000000001257 0.9281507721123795
8526.000000001257 0.9281507721123795
8527.000000001257 0.9281507721123795
8528.000000001257 0.9281507721123795
8529.000000001257 0.9281507721123795
8530.000000001257 0.9281507721123795
8531.000000001257 0.9281507721123795
8532.000000001259 0.9281507721123795
8533.000000001259 0.9281507721123795
8534.000000001259 0.9281507721123795
8535.000000001259 0.9281507721123795
8536.000000001259 0.9281507721123795
8537.000000001259 0.9281507721123795
8538.000000001259 0.9281507721123795
8539.000000001259 0.9281507721123795
8540.000000001259 0.9281507721123795
8541.00000000126 0.9281507721123795
8542.00000000126 0.9281507721123795
8543.00000000126 0.9281507721123795
8544.00000000126 0.9281507721123795
8545.00000000126 0.9281507721123795
8546.00000000126 0.9281507721123795
8547.00000000126 0.9281507721123795
8548.000000001262 0.9281507721123795
8549.000000001262 0.9281507721123795
8550.000000001262 0.9281507721123795
8551.000000001262 0.9281507721123795
8552.000000001262 0.9281507721123795
8553.000000001262 0.9281507721123795
8554.000000001262 0.9281507721123795
8555.000000001262 0.9281507721123795
8556.000000001262 0.9281507721123795
8557.000000001264 0.9281507721123795
8558.000000001264 0.9281507721123795
8559.000000001264 0.9281507721123795
8560.000000001264 0.9281507721123795
8561.000000001264 0.9281507721123795
8562.000000001264 0.9281507721123795
8563.000000001264 0.9281507721123795
8564.000000001266 0.9281507721123795
8565.000000001266 0.9281507721123795
8566.000000001266 0.9281507721123795
8567.000000001266 0.9281507721123795
8568.000000001266 0.9281507721123795
8569.000000001266 0.9281507721123795
8570.000000001266 0.9281507721123795
8571.000000001266 0.9281507721123795
8572.000000001266 0.9281507721123795
8573.000000001268 0.9281507721123795
8574.000000001268 0.9281507721123795
8575.000000001268 0.9281507721123795
8576.000000001268 0.9281507721123795
8577.000000001268 0.9281507721123795
8578.000000001268 0.9281507721123795
8579.000000001268 0.9281507721123795
8580.00000000127 0.9281507721123795
8581.00000000127 0.9281507721123795
8582.00000000127 0.9281507721123795
8583.00000000127 0.9281507721123795
8584.00000000127 0.9281507721123795
8585.00000000127 0.9281507721123795
8586.00000000127 0.9281507721123795
8587.00000000127 0.9281507721123795
8588.00000000127 0.9281507721123795
8589.000000001271 0.9281507721123795
8590.000000001271 0.9281507721123795
8591.000000001271 0.9281507721123795
8592.000000001271 0.9281507721123795
8593.000000001271 0.9281507721123795
8594.000000001271 0.9281507721123795
8595.000000001271 0.9281507721123795
8596.000000001273 0.9281507721123795
8597.000000001273 0.9281507721123795
8598.000000001273 0.9281507721123795
8599.000000001273 0.9281507721123795
8600.000000001273 0.9281507721123795
8601.000000001273 0.9281507721123795
8602.000000001273 0.9281507721123795
8603.000000001273 0.9281507721123795
8604.000000001273 0.9281507721123795
8605.000000001275 0.9281507721123795
8606.000000001275 0.9281507721123795
8607.000000001275 0.9281507721123795
8608.000000001275 0.9281507721123795
8609.000000001275 0.9281507721123795
8610.000000001275 0.9281507721123795
8611.000000001275 0.9281507721123795
8612.000000001277 0.9281507721123795
8613.000000001277 0.9281507721123795
8614.000000001277 0.9281507721123795
8615.000000001277 0.9281507721123795
8616.000000001277 0.9281507721123795
8617.000000001277 0.9281507721123795
8618.000000001277 0.9281507721123795
8619.000000001277 0.9281507721123795
8620.000000001277 0.9281507721123795
8621.000000001279 0.9281507721123795
8622.000000001279 0.9281507721123795
8623.000000001279 0.9281507721123795
8624.000000001279 0.9281507721123795
8625.000000001279 0.9281507721123795
8626.000000001279 0.9281507721123795
8627.000000001279 0.9281507721123795
8628.00000000128 0.9281507721123795
8629.00000000128 0.9281507721123795
8630.00000000128 0.9281507721123795
8631.00000000128 0.9281507721123795
8632.00000000128 0.9281507721123795
8633.00000000128 0.9281507721123795
8634.00000000128 0.9281507721123795
8635.00000000128 0.9281507721123795
8636.00000000128 0.9281507721123795
8637.000000001282 0.9281507721123795
8638.000000001282 0.9281507721123795
8639.000000001282 0.9281507721123795
8640.000000001282 0.9281507721123795
8641.000000001282 0.9281507721123795
8642.000000001282 0.9281507721123795
8643.000000001282 0.9281507721123795
8644.000000001284 0.9281507721123795
8645.000000001284 0.9281507721123795
8646.000000001284 0.9281507721123795
8647.000000001284 0.9281507721123795
8648.000000001284 0.9281507721123795
8649.000000001284 0.9281507721123795
8650.000000001284 0.9281507721123795
8651.000000001284 0.9281507721123795
8652.000000001284 0.9281507721123795
8653.000000001286 0.9281507721123795
8654.000000001286 0.9281507721123795
8655.000000001286 0.9281507721123795
8656.000000001286 0.9281507721123795
8657.000000001286 0.9281507721123795
8658.000000001286 0.9281507721123795
8659.000000001286 0.9281507721123795
8660.000000001288 0.9281507721123795
8661.000000001288 0.9281507721123795
8662.000000001288 0.9281507721123795
8663.000000001288 0.9281507721123795
8664.000000001288 0.9281507721123795
8665.000000001288 0.9281507721123795
8666.000000001288 0.9281507721123795
8667.000000001288 0.9281507721123795
8668.000000001288 0.9281507721123795
8669.00000000129 0.9281507721123795
8670.00000000129 0.9281507721123795
8671.00000000129 0.9281507721123795
8672.00000000129 0.9281507721123795
8673.00000000129 0.9281507721123795
8674.00000000129 0.9281507721123795
8675.00000000129 0.9281507721123795
8676.000000001291 0.9281507721123795
8677.000000001291 0.9281507721123795
8678.000000001291 0.9281507721123795
8679.000000001291 0.9281507721123795
8680.000000001291 0.9281507721123795
8681.000000001291 0.9281507721123795
8682.000000001291 0.9281507721123795
8683.000000001291 0.9281507721123795
8684.000000001291 0.9281507721123795
8685.000000001293 0.9281507721123795
8686.000000001293 0.9281507721123795
8687.000000001293 0.9281507721123795
8688.000000001293 0.9281507721123795
8689.000000001293 0.9281507721123795
8690.000000001293 0.9281507721123795
8691.000000001293 0.9281507721123795
8692.000000001295 0.9281507721123795
8693.000000001295 0.9281507721123795
8694.000000001295 0.9281507721123795
8695.000000001295 0.9281507721123795
8696.000000001295 0.9281507721123795
8697.000000001295 0.9281507721123795
8698.000000001295 0.9281507721123795
8699.000000001295 0.9281507721123795
8700.000000001295 0.9281507721123795
8701.000000001297 0.9281507721123795
8702.000000001297 0.9281507721123795
8703.000000001297 0.9281507721123795
8704.000000001297 0.9281507721123795
8705.000000001297 0.9281507721123795
8706.000000001297 0.9281507721123795
8707.000000001297 0.9281507721123795
8708.000000001299 0.9281507721123795
8709.000000001299 0.9281507721123795
8710.000000001299 0.9281507721123795
8711.000000001299 0.9281507721123795
8712.000000001299 0.9281507721123795
8713.000000001299 0.9281507721123795
8714.000000001299 0.9281507721123795
8715.000000001299 0.9281507721123795
8716.000000001299 0.9281507721123795
8717.0000000013 0.9281507721123795
8718.0000000013 0.9281507721123795
8719.0000000013 0.9281507721123795
8720.0000000013 0.9281507721123795
8721.0000000013 0.9281507721123795
8722.0000000013 0.9281507721123795
8723.0000000013 0.9281507721123795
8724.000000001302 0.9281507721123795
8725.000000001302 0.9281507721123795
8726.000000001302 0.9281507721123795
8727.000000001302 0.9281507721123795
8728.000000001302 0.9281507721123795
8729.000000001302 0.9281507721123795
8730.000000001302 0.9281507721123795
8731.000000001302 0.9281507721123795
8732.000000001302 0.9281507721123795
8733.000000001304 0.9281507721123795
8734.000000001304 0.9281507721123795
8735.000000001304 0.9281507721123795
8736.000000001304 0.9281507721123795
8737.000000001304 0.9281507721123795
8738.000000001304 0.9281507721123795
8739.000000001304 0.9281507721123795
8740.000000001306 0.9281507721123795
8741.000000001306 0.9281507721123795
8742.000000001306 0.9281507721123795
8743.000000001306 0.9281507721123795
8744.000000001306 0.9281507721123795
8745.000000001306 0.9281507721123795
8746.000000001306 0.9281507721123795
8747.000000001306 0.9281507721123795
8748.000000001306 0.9281507721123795
8749.000000001308 0.9281507721123795
8750.000000001308 0.9281507721123795
8751.000000001308 0.9281507721123795
8752.000000001308 0.9281507721123795
8753.000000001308 0.9281507721123795
8754.000000001308 0.9281507721123795
8755.000000001308 0.9281507721123795
8756.00000000131 0.9281507721123795
8757.00000000131 0.9281507721123795
8758.00000000131 0.9281507721123795
8759.00000000131 0.9281507721123795
8760.00000000131 0.9281507721123795
8761.00000000131 0.9281507721123795
8762.00000000131 0.9281507721123795
8763.00000000131 0.9281507721123795
8764.00000000131 0.9281507721123795
8765.000000001311 0.9281507721123795
8766.000000001311 0.9281507721123795
8767.000000001311 0.9281507721123795
8768.000000001311 0.9281507721123795
8769.000000001311 0.9281507721123795
8770.000000001311 0.9281507721123795
8771.000000001311 0.9281507721123795
8772.000000001313 0.9281507721123795
8773.000000001313 0.9281507721123795
8774.000000001313 0.9281507721123795
8775.000000001313 0.9281507721123795
8776.000000001313 0.9281507721123795
8777.000000001313 0.9281507721123795
8778.000000001313 0.9281507721123795
8779.000000001313 0.9281507721123795
8780.000000001313 0.9281507721123795
8781.000000001315 0.9281507721123795
8782.000000001315 0.9281507721123795
8783.000000001315 0.9281507721123795
8784.000000001315 0.9281507721123795
8785.000000001315 0.9281507721123795
8786.000000001315 0.9281507721123795
8787.000000001315 0.9281507721123795
8788.000000001317 0.9281507721123795
8789.000000001317 0.9281507721123795
8790.000000001317 0.9281507721123795
8791.000000001317 0.9281507721123795
8792.000000001317 0.9281507721123795
8793.000000001317 0.9281507721123795
8794.000000001317 0.9281507721123795
8795.000000001317 0.9281507721123795
8796.000000001317 0.9281507721123795
8797.000000001319 0.9281507721123795
8798.000000001319 0.9281507721123795
8799.000000001319 0.9281507721123795
8800.000000001319 0.9281507721123795
8801.000000001319 0.9281507721123795
8802.000000001319 0.9281507721123795
8803.000000001319 0.9281507721123795
8804.00000000132 0.9281507721123795
8805.00000000132 0.9281507721123795
8806.00000000132 0.9281507721123795
8807.00000000132 0.9281507721123795
8808.00000000132 0.9281507721123795
8809.00000000132 0.9281507721123795
8810.00000000132 0.9281507721123795
8811.00000000132 0.9281507721123795
8812.00000000132 0.9281507721123795
8813.000000001322 0.9281507721123795
8814.000000001322 0.9281507721123795
8815.000000001322 0.9281507721123795
8816.000000001322 0.9281507721123795
8817.000000001322 0.9281507721123795
8818.000000001322 0.9281507721123795
8819.000000001322 0.9281507721123795
8820.000000001324 0.9281507721123795
8821.000000001324 0.9281507721123795
8822.000000001324 0.9281507721123795
8823.000000001324 0.9281507721123795
8824.000000001324 0.9281507721123795
8825.000000001324 0.9281507721123795
8826.000000001324 0.9281507721123795
8827.000000001324 0.9281507721123795
8828.000000001324 0.9281507721123795
8829.000000001326 0.9281507721123795
8830.000000001326 0.9281507721123795
8831.000000001326 0.9281507721123795
8832.000000001326 0.9281507721123795
8833.000000001326 0.9281507721123795
8834.000000001326 0.9281507721123795
8835.000000001326 0.9281507721123795
8836.000000001328 0.9281507721123795
8837.000000001328 0.9281507721123795
8838.000000001328 0.9281507721123795
8839.000000001328 0.9281507721123795
8840.000000001328 0.9281507721123795
8841.000000001328 0.9281507721123795
8842.000000001328 0.9281507721123795
8843.000000001328 0.9281507721123795
8844.000000001328 0.9281507721123795
8845.00000000133 0.9281507721123795
8846.00000000133 0.9281507721123795
8847.00000000133 0.9281507721123795
8848.00000000133 0.9281507721123795
8849.00000000133 0.9281507721123795
8850.00000000133 0.9281507721123795
8851.00000000133 0.9281507721123795
8852.000000001332 0.9281507721123795
8853.000000001332 0.9281507721123795
8854.000000001332 0.9281507721123795
8855.000000001332 0.9281507721123795
8856.000000001332 0.9281507721123795
8857.000000001332 0.9281507721123795
8858.000000001332 0.9281507721123795
8859.000000001332 0.9281507721123795
8860.000000001332 0.9281507721123795
8861.000000001333 0.9281507721123795
8862.000000001333 0.9281507721123795
8863.000000001333 0.9281507721123795
8864.000000001333 0.9281507721123795
8865.000000001333 0.9281507721123795
8866.000000001333 0.9281507721123795
8867.000000001333 0.9281507721123795
8868.000000001335 0.9281507721123795
8869.000000001335 0.9281507721123795
8870.000000001335 0.9281507721123795
8871.000000001335 0.9281507721123795
8872.000000001335 0.9281507721123795
8873.000000001335 0.9281507721123795
8874.000000001335 0.9281507721123795
8875.000000001335 0.9281507721123795
8876.000000001335 0.9281507721123795
8877.000000001337 0.9281507721123795
8878.000000001337 0.9281507721123795
8879.000000001337 0.9281507721123795
8880.000000001337 0.9281507721123795
8881.000000001337 0.9281507721123795
8882.000000001337 0.9281507721123795
8883.000000001337 0.9281507721123795
8884.000000001339 0.9281507721123795
8885.000000001339 0.9281507721123795
8886.000000001339 0.9281507721123795
8887.000000001339 0.9281507721123795
8888.000000001339 0.9281507721123795
8889.000000001339 0.9281507721123795
8890.000000001339 0.9281507721123795
8891.000000001339 0.9281507721123795
8892.000000001339 0.9281507721123795
8893.00000000134 0.9281507721123795
8894.00000000134 0.9281507721123795
8895.00000000134 0.9281507721123795
8896.00000000134 0.9281507721123795
8897.00000000134 0.9281507721123795
8898.00000000134 0.9281507721123795
8899.00000000134 0.9281507721123795
8900.000000001342 0.9281507721123795
8901.000000001342 0.9281507721123795
8902.000000001342 0.9281507721123795
8903.000000001342 0.9281507721123795
8904.000000001342 0.9281507721123795
8905.000000001342 0.9281507721123795
8906.000000001342 0.9281507721123795
8907.000000001342 0.9281507721123795
8908.000000001342 0.9281507721123795
8909.000000001344 0.9281507721123795
8910.000000001344 0.9281507721123795
8911.000000001344 0.9281507721123795
8912.000000001344 0.9281507721123795
8913.000000001344 0.9281507721123795
8914.000000001344 0.9281507721123795
8915.000000001344 0.9281507721123795
8916.000000001346 0.9281507721123795
8917.000000001346 0.9281507721123795
8918.000000001346 0.9281507721123795
8919.000000001346 0.9281507721123795
8920.000000001346 0.9281507721123795
8921.000000001346 0.9281507721123795
8922.000000001346 0.9281507721123795
8923.000000001346 0.9281507721123795
8924.000000001346 0.9281507721123795
8925.000000001348 0.9281507721123795
8926.000000001348 0.9281507721123795
8927.000000001348 0.9281507721123795
8928.000000001348 0.9281507721123795
8929.000000001348 0.9281507721123795
8930.000000001348 0.9281507721123795
8931.000000001348 0.9281507721123795
8932.00000000135 0.9281507721123795
8933.00000000135 0.9281507721123795
8934.00000000135 0.9281507721123795
8935.00000000135 0.9281507721123795
8936.00000000135 0.9281507721123795
8937.00000000135 0.9281507721123795
8938.00000000135 0.9281507721123795
8939.00000000135 0.9281507721123795
8940.00000000135 0.9281507721123795
8941.000000001352 0.9281507721123795
8942.000000001352 0.9281507721123795
8943.000000001352 0.9281507721123795
8944.000000001352 0.9281507721123795
8945.000000001352 0.9281507721123795
8946.000000001352 0.9281507721123795
8947.000000001352 0.9281507721123795
8948.000000001353 0.9281507721123795
8949.000000001353 0.9281507721123795
8950.000000001353 0.9281507721123795
8951.000000001353 0.9281507721123795
8952.000000001353 0.9281507721123795
8953.000000001353 0.9281507721123795
8954.000000001353 0.9281507721123795
8955.000000001353 0.9281507721123795
8956.000000001353 0.9281507721123795
8957.000000001355 0.9281507721123795
8958.000000001355 0.9281507721123795
8959.000000001355 0.9281507721123795
8960.000000001355 0.9281507721123795
8961.000000001355 0.9281507721123795
8962.000000001355 0.9281507721123795
8963.000000001355 0.9281507721123795
8964.000000001357 0.9281507721123795
8965.000000001357 0.9281507721123795
8966.000000001357 0.9281507721123795
8967.000000001357 0.9281507721123795
8968.000000001357 0.9281507721123795
8969.000000001357 0.9281507721123795
8970.000000001357 0.9281507721123795
8971.000000001357 0.9281507721123795
8972.000000001357 0.9281507721123795
8973.000000001359 0.9281507721123795
8974.000000001359 0.9281507721123795
8975.000000001359 0.9281507721123795
8976.000000001359 0.9281507721123795
8977.000000001359 0.9281507721123795
8978.000000001359 0.9281507721123795
8979.000000001359 0.9281507721123795
8980.00000000136 0.9281507721123795
8981.00000000136 0.9281507721123795
8982.00000000136 0.9281507721123795
8983.00000000136 0.9281507721123795
8984.00000000136 0.9281507721123795
8985.00000000136 0.9281507721123795
8986.00000000136 0.9281507721123795
8987.00000000136 0.9281507721123795
8988.00000000136 0.9281507721123795
8989.000000001362 0.9281507721123795
8990.000000001362 0.9281507721123795
8991.000000001362 0.9281507721123795
8992.000000001362 0.9281507721123795
8993.000000001362 0.9281507721123795
8994.000000001362 0.9281507721123795
8995.000000001362 0.9281507721123795
8996.000000001364 0.9281507721123795
8997.000000001364 0.9281507721123795
8998.000000001364 0.9281507721123795
8999.000000001364 0.9281507721123795
9000.000000001364 0.9281507721123795
9001.000000001364 0.9281507721123795
9002.000000001364 0.9281507721123795
9003.000000001364 0.9281507721123795
9004.000000001364 0.9281507721123795
9005.000000001366 0.9281507721123795
9006.000000001366 0.9281507721123795
9007.000000001366 0.9281507721123795
9008.000000001366 0.9281507721123795
9009.000000001366 0.9281507721123795
9010.000000001366 0.9281507721123795
9011.000000001366 0.9281507721123795
9012.000000001368 0.9281507721123795
9013.000000001368 0.9281507721123795
9014.000000001368 0.9281507721123795
9015.000000001368 0.9281507721123795
9016.000000001368 0.9281507721123795
9017.000000001368 0.9281507721123795
9018.000000001368 0.9281507721123795
9019.000000001368 0.9281507721123795
9020.000000001368 0.9281507721123795
9021.00000000137 0.9281507721123795
9022.00000000137 0.9281507721123795
9023.00000000137 0.9281507721123795
9024.00000000137 0.9281507721123795
9025.00000000137 0.9281507721123795
9026.00000000137 0.9281507721123795
9027.00000000137 0.9281507721123795
9028.000000001372 0.9281507721123795
9029.000000001372 0.9281507721123795
9030.000000001372 0.9281507721123795
9031.000000001372 0.9281507721123795
9032.000000001372 0.9281507721123795
9033.000000001372 0.9281507721123795
9034.000000001372 0.9281507721123795
9035.000000001372 0.9281507721123795
9036.000000001372 0.9281507721123795
9037.000000001373 0.9281507721123795
9038.000000001373 0.9281507721123795
9039.000000001373 0.9281507721123795
9040.000000001373 0.9281507721123795
9041.000000001373 0.9281507721123795
9042.000000001373 0.9281507721123795
9043.000000001373 0.9281507721123795
9044.000000001375 0.9281507721123795
9045.000000001375 0.9281507721123795
9046.000000001375 0.9281507721123795
9047.000000001375 0.9281507721123795
9048.000000001375 0.9281507721123795
9049.000000001375 0.9281507721123795
9050.000000001375 0.9281507721123795
9051.000000001375 0.9281507721123795
9052.000000001375 0.9281507721123795
9053.000000001377 0.9281507721123795
9054.000000001377 0.9281507721123795
9055.000000001377 0.9281507721123795
9056.000000001377 0.9281507721123795
9057.000000001377 0.9281507721123795
9058.000000001377 0.9281507721123795
9059.000000001377 0.9281507721123795
9060.000000001379 0.9281507721123795
9061.000000001379 0.9281507721123795
9062.000000001379 0.9281507721123795
9063.000000001379 0.9281507721123795
9064.000000001379 0.9281507721123795
9065.000000001379 0.9281507721123795
9066.000000001379 0.9281507721123795
9067.000000001379 0.9281507721123795
9068.000000001379 0.9281507721123795
9069.00000000138 0.9281507721123795
9070.00000000138 0.9281507721123795
9071.00000000138 0.9281507721123795
9072.00000000138 0.9281507721123795
9073.00000000138 0.9281507721123795
9074.00000000138 0.9281507721123795
9075.00000000138 0.9281507721123795
9076.000000001382 0.9281507721123795
9077.000000001382 0.9281507721123795
9078.000000001382 0.9281507721123795
9079.000000001382 0.9281507721123795
9080.000000001382 0.9281507721123795
9081.000000001382 0.9281507721123795
9082.000000001382 0.9281507721123795
9083.000000001382 0.9281507721123795
9084.000000001382 0.9281507721123795
9085.000000001384 0.9281507721123795
9086.000000001384 0.9281507721123795
9087.000000001384 0.9281507721123795
9088.000000001384 0.9281507721123795
9089.000000001384 0.9281507721123795
9090.000000001384 0.9281507721123795
9091.000000001384 0.9281507721123795
9092.000000001386 0.9281507721104634
9093.000000001386 0.9267669477430959
9094.000000001386 0.9253831233750435
9095.000000001386 0.9235050760193315
9096.000000001386 0.9216270286636881
9097.000000001386 0.9197984036068096
9098.000000001386 0.9179697785498626
9099.000000001386 0.9160917311941507
9100.000000001386 0.9142136838385072
9101.000000001388 0.9123850587816298
9102.000000001388 0.9105564337246839
9103.000000001388 0.9086783863689708
9104.000000001388 0.9068003390132577
9105.000000001388 0.9049222916575458
9106.000000001388 0.9030442443019024
9107.000000001388 0.901215619245024
9108.00000000139 0.899386994188077
9109.00000000139 0.897508946832365
9110.00000000139 0.8956308994767216
9111.00000000139 0.8938022744198442
9112.00000000139 0.8919736493628981
9113.00000000139 0.8900956020071851
9114.00000000139 0.8882175546515407
9115.00000000139 0.8863889295946634
9116.00000000139 0.8845603045377173
9117.000000001392 0.8826822571820043
9118.000000001392 0.8808042098263601
9119.000000001392 0.8789755847694827
9120.000000001392 0.8771469597125364
9121.000000001392 0.8752689123568244
9122.000000001392 0.8733908650011125
9123.000000001392 0.8715128176453995
9124.000000001393 0.8696347702897553
9125.000000001393 0.8678061452328779
9126.000000001393 0.8659775201753122
9127.000000001393 0.8636546721300881
9128.000000001393 0.8613318240829354
9129.000000001393 0.8576251516703459
9130.000000001393 0.8539184792577567
9131.000000001393 0.8502118068451673
9132.000000001393 0.846505134432578
9133.000000001395 0.8427984620199864
9134.000000001395 0.839091789607326
9135.000000001395 0.8353356948959021
9136.000000001395 0.8315796001845471
9137.000000001395 0.8278729277719556
9138.000000001395 0.8241662553593642
9139.000000001395 0.8204595829467748
9140.000000001397 0.8167529105341854
9141.000000001397 0.813046238121596
9142.000000001397 0.8093395657090067
9143.000000001397 0.8056328932964152
9144.000000001397 0.8019262208838237
9145.000000001397 0.7982195484712342
9146.000000001397 0.7945128760586448
9147.000000001397 0.7908062036460535
9148.000000001397 0.787099531233462
9149.000000001399 0.7833928588208726
9150.000000001399 0.7796861864082141
9151.000000001399 0.7759300916967902
9152.000000001399 0.7721739969854354
9153.000000001399 0.768467324572844
9154.000000001399 0.7647606521602526
9155.000000001399 0.7610539797476632
9156.0000000014 0.7573473073350737
9157.0000000014 0.7536406349224822
9158.0000000014 0.7499339625098908
9159.0000000014 0.7462272900973014
9160.0000000014 0.742520617684712
9161.0000000014 0.7388139452721226
9162.0000000014 0.7351072728595333
9163.0000000014 0.7314006004469418
9164.0000000014 0.7276939280343503
9165.000000001402 0.7239872556217608
9166.000000001402 0.7202805832091715
9167.000000001402 0.7165739107965801
9168.000000001402 0.7128672383839192
9169.000000001402 0.7091111436724953
9170.000000001402 0.7053550489611408
9171.000000001402 0.7016483765485513
9172.000000001404 0.6979417041359619
9173.000000001404 0.6942350317233705
9174.000000001404 0.690528359310779
9175.000000001404 0.6868216868981897
9176.000000001404 0.6831150144856003
9177.000000001404 0.6794083420730088
9178.000000001404 0.6757016696604173
9179.000000001404 0.671994997247828
9180.000000001404 0.6682883248352387
9181.000000001406 0.6645816524226492
9182.000000001406 0.6608749800100598
9183.000000001406 0.6571683075974684
9184.000000001406 0.6534616351848074
9185.000000001406 0.6497055404733835
9186.000000001406 0.6459494457620291
9187.000000001406 0.6422427733494376
9188.000000001408 0.6385361009368461
9189.000000001408 0.6348294285242567
9190.000000001408 0.6311227561116673
9191.000000001408 0.627416083699078
9192.000000001408 0.6237094112864886
9193.000000001408 0.6200027388738971
9194.000000001408 0.6162960664613056
9195.000000001408 0.6125893940487163
9196.000000001408 0.6088827216361269
9197.00000000141 0.6051760492235354
9198.00000000141 0.6014693768109439
9199.00000000141 0.5977627043983545
9200.00000000141 0.5940560319856955
9201.00000000141 0.5902999372742717
9202.00000000141 0.5865438425629174
9203.00000000141 0.5828371701503259
9204.000000001412 0.5791304977377344
9205.000000001412 0.575423825325145
9206.000000001412 0.5717171529125558
9207.000000001412 0.5680104804999642
9208.000000001412 0.5643038080873727
9209.000000001412 0.5605971356747833
9210.000000001412 0.5568904632621939
9211.000000001412 0.5531837908496046
9212.000000001412 0.5494771184370151
9213.000000001413 0.5457704460244236
9214.000000001413 0.5420637736118322
9215.000000001413 0.5383571011992428
9216.000000001413 0.5346504287866536
9217.000000001413 0.5309437563740621
9218.000000001413 0.5272370839614006
9219.000000001413 0.5234809892499768
9220.000000001415 0.5197248945386227
9221.000000001415 0.5160182221260333
9222.000000001415 0.512311549713444
9223.000000001415 0.5086048773008525
9224.000000001415 0.504898204888261
9225.000000001415 0.5011915324756716
9226.000000001415 0.49748486006308223
9227.000000001415 0.4937781876504908
9228.000000001415 0.49007151523789927
9229.000000001417 0.48636484282530995
9230.000000001417 0.4826581704127205
9231.000000001417 0.4789514980001312
9232.000000001417 0.4752448255875418
9233.000000001417 0.4715381531749503
9234.000000001417 0.4678314807622887
9235.000000001417 0.46407538605086485
9236.000000001419 0.460319291339511
9237.000000001419 0.4566126189269195
9238.000000001419 0.4529059465143281
9239.000000001419 0.44919927410173865
9240.000000001419 0.44549260168914934
9241.000000001419 0.4417859292765599
9242.000000001419 0.43807925686397053
9243.000000001419 0.43437258445137905
9244.000000001419 0.43066591203878757
9245.00000000142 0.42695923962619825
9246.00000000142 0.4232525672136089
9247.00000000142 0.4195458948010174
9248.00000000142 0.4158392223884259
9249.00000000142 0.41213254997583654
9250.00000000142 0.4084258775631769
9251.00000000142 0.404669782851753
9252.000000001422 0.40091368814039935
9253.000000001422 0.39720701572780787
9254.000000001422 0.3935003433152164
9255.000000001422 0.389793670902627
9256.000000001422 0.3860869984900376
9257.000000001422 0.3823803260774461
9258.000000001422 0.3786736536648546
9259.000000001422 0.37496698125226524
9260.000000001422 0.37126030883967587
9261.000000001424 0.3675536364270865
9262.000000001424 0.3638469640144971
9263.000000001424 0.36014029160190564
9264.000000001424 0.35643361918931415
9265.000000001424 0.35272694677672484
9266.000000001424 0.34902027436413546
9267.000000001424 0.345313601951544
9268.000000001426 0.34160692953888205
9269.000000001426 0.3378508348274581
9270.000000001426 0.3340947401161047
9271.000000001426 0.3303880677035153
9272.000000001426 0.32668139529092594
9273.000000001426 0.32297472287833445
9274.000000001426 0.31926805046574297
9275.000000001426 0.3155613780531536
9276.000000001426 0.3118547056405642
9277.000000001428 0.3081480332279727
9278.000000001428 0.3044413608153812
9279.000000001428 0.3007346884027919
9280.000000001428 0.29702801599020245
9281.000000001428 0.29332134357761314
9282.000000001428 0.2896146711650237
9283.000000001428 0.2859079987524322
9284.00000000143 0.28220132633977013
9285.00000000143 0.2784452316283462
9286.00000000143 0.2746891369169929
9287.00000000143 0.2709824645044015
9288.00000000143 0.26727579209181
9289.00000000143 0.26356911967922064
9290.00000000143 0.2598624472666313
9291.00000000143 0.2561557748540419
9292.00000000143 0.2524491024414525
9293.000000001432 0.24874243002886104
9294.000000001432 0.24503575761626956
9295.000000001432 0.24132908520368018
9296.000000001432 0.2376224127910908
9297.000000001432 0.2339157403784993
9298.000000001432 0.23020906796590782
9299.000000001432 0.22650239555331844
9300.000000001433 0.2227957231406583
9301.000000001433 0.21903962842923438
9302.000000001433 0.21528353371788125
9303.000000001433 0.21157686130528977
9304.000000001433 0.2078701888926983
9305.000000001433 0.20416351648010894
9306.000000001433 0.20045684406751957
9307.000000001433 0.19675017165492809
9308.000000001433 0.1930434992423366
9309.000000001435 0.18933682682974723
9310.000000001435 0.18563015441715786
9311.000000001435 0.18192348200456845
9312.000000001435 0.17821680959197908
9313.000000001435 0.1745101371793876
9314.000000001435 0.17080346476679614
9315.000000001435 0.16709679235420674
9316.000000001437 0.16339011994161737
9317.000000001437 0.15968344752902588
9318.000000001437 0.1559767751163634
9319.000000001437 0.1522206804049395
9320.000000001437 0.14846458569358661
9321.000000001437 0.14475791328099724
9322.000000001437 0.14105124086840787
9323.000000001437 0.13734456845581638
9324.000000001437 0.13363789604322487
9325.000000001439 0.12993122363063553
9326.000000001439 0.12622455121804615
9327.000000001439 0.12251787880545467
9328.000000001439 0.11881120639286319
9329.000000001439 0.11510453398027382
9330.000000001439 0.11139786156768443
9331.000000001439 0.10769118915509505
9332.00000000144 0.10398451674250568
9333.00000000144 0.1002778443299142
9334.00000000144 0.0965711719186041
9335.00000000144 0.09375410088503618
9336.00000000144 0.09093702985289204
9337.00000000144 0.08910840479601356
9338.00000000144 0.08727977973906385
9339.00000000144 0.0854017323833519
9340.00000000144 0.08352368502771121
9341.000000001442 0.08169505997083377
9342.000000001442 0.07986643491388509
9343.000000001442 0.07798838755817208
9344.000000001442 0.07611034020245908
9345.000000001442 0.07423229284674712
9346.000000001442 0.07235424549110649
9347.000000001442 0.07052562043422801
9348.000000001444 0.06869699537727819
9349.000000001444 0.06681894802156624
9350.000000001444 0.06494090066592564
9351.000000001444 0.06311227560904821
9352.000000001444 0.06128365055209944
9353.000000001444 0.059405603196386415
9354.000000001444 0.057527555840744815
9355.000000001444 0.05569893078386739
9356.000000001444 0.05387030572691855
9357.000000001446 0.05199225837120553
9358.000000001446 0.050114211015563986
9359.000000001446 0.04828558595868656
9360.000000001446 0.04645696090173766
9361.000000001446 0.044578913546025715
9362.000000001446 0.04270086619031376
9363.000000001446 0.040822818834600746
9364.000000001448 0.03894477147895926
9365.000000001448 0.03711614642208183
9366.000000001448 0.03528752136513288
9367.000000001448 0.03340947400941986
9368.000000001448 0.03153142665377843
9369.000000001448 0.029702801596901
9370.000000001448 0.027874176539951993
9371.000000001448 0.025996129184240043
9372.000000001448 0.024118081828599678
9373.00000000145 0.02228945677172121
9374.00000000145 0.020460831714771106
9375.00000000145 0.01858278435905916
9376.00000000145 0.016704737003347205
9377.00000000145 0.01482668964763419
9378.00000000145 0.012948642291992867
9379.00000000145 0.011120017235115442
9380.000000001452 0.009291392178166323
9381.000000001452 0.0074133448224543725
9382.000000001452 0.005535297466814116
9383.000000001452 0.0037066724099356517
9384.000000001452 0.0018780473543486935
9385.000000001452 0.0009390236764927184
9386.000000001452 0.0
9387.000000001452 0.0
9388.000000001452 0.0
9389.000000001453 0.0
9390.000000001453 0.0
9391.000000001453 0.0
9392.000000001453 0.0
9393.000000001453 0.0
9394.000000001453 0.0
9395.000000001453 0.0
9396.000000001455 0.0
9397.000000001455 0.0
9398.000000001455 0.0
9399.000000001455 0.0
9400.000000001455 0.0
