3000.0 0.0
3001.0 0.0
3002.0000000000005 0.0
3003.000000000001 0.0
3004.000000000001 0.0
3005.000000000001 0.0
3006.0000000000014 0.0
3007.000000000002 0.0
3008.000000000002 0.0
3009.000000000002 0.0
3010.0000000000023 0.0
3011.0000000000027 0.0
3012.0000000000027 0.0
3013.0000000000027 0.0
3014.000000000003 0.0
3015.0000000000036 0.0
3016.0000000000036 0.0
3017.0000000000036 0.0
3018.000000000004 0.0
3019.0000000000045 0.0
3020.0000000000045 0.0
3021.0000000000045 0.0
3022.000000000005 0.0
3023.0000000000055 0.0
3024.0000000000055 0.0
3025.0000000000055 0.0
3026.000000000006 0.0
3027.0000000000064 0.0
3028.0000000000064 0.0
3029.0000000000064 0.0
3030.000000000007 0.0
3031.0000000000073 0.0
3032.0000000000073 0.0
3033.0000000000073 0.0
3034.0000000000077 0.0
3035.000000000008 0.0
3036.000000000008 0.0
3037.000000000008 0.0
3038.0000000000086 0.0
3039.000000000009 0.0
3040.000000000009 0.0
3041.000000000009 0.0
3042.0000000000095 0.0
3043.00000000001 0.0
3044.00000000001 0.0
3045.00000000001 0.0
3046.0000000000105 0.0
3047.000000000011 0.0
3048.000000000011 0.0
3049.000000000011 0.0
3050.0000000000114 0.0
3051.000000000012 0.0
3052.000000000012 0.0
3053.000000000012 0.0
3054.0000000000123 1.1124956437508588e-14
3055.0000000000127 0.000889601379032575
3056.0000000000127 0.001779202758065768
3057.0000000000127 0.0036078278149437124
3058.000000000013 0.005436452871821012
3059.0000000000136 0.007215655629864416
3060.0000000000136 0.008994858387907824
3061.0000000000136 0.01077406114595123
3062.000000000014 0.012553263903995335
3063.0000000000146 0.014381888960873281
3064.0000000000146 0.016210514017750498
3065.0000000000146 0.017989716775793398
3066.000000000015 0.01976891953383703
3067.0000000000155 0.021597544590714973
3068.0000000000155 0.023426169647592157
3069.0000000000155 0.025205372405635564
3070.000000000016 0.026984575163678973
3071.0000000000164 0.028763777921722376
3072.0000000000164 0.030542980679766595
3073.0000000000164 0.03237160573664454
3074.000000000017 0.03420023079352164
3075.0000000000173 0.03597943355156454
3076.0000000000173 0.03775863630960829
3077.0000000000173 0.03958726136648623
3078.0000000000177 0.0414158864233633
3079.000000000018 0.04319508918140671
3080.000000000018 0.044974291939450114
3081.000000000018 0.04675349469749352
3082.0000000000186 0.04853269745553785
3083.000000000019 0.050361322512415804
3084.000000000019 0.052189947569292794
3085.000000000019 0.05396915032733569
3086.0000000000196 0.055748353085379544
3087.00000000002 0.05757697814225749
3088.00000000002 0.05940560319913445
3089.00000000002 0.06118480595717786
3090.0000000000205 0.06296400871522126
3091.000000000021 0.06474321147326467
3092.000000000021 0.06652241423130911
3093.000000000021 0.06835103928818705
3094.0000000000214 0.07017966434506394
3095.000000000022 0.07195886710310682
3096.000000000022 0.07373806986115079
3097.000000000022 0.07556669491802874
3098.0000000000223 0.07739531997490559
3099.0000000000227 0.079174522732949
3100.0000000000227 0.0809537254909924
3101.0000000000227 0.08273292824903582
3102.000000000023 0.08451213100708038
3103.0000000000236 0.08634075606395832
3104.0000000000236 0.08816938112085633
3105.0000000000236 0.09083818525792067
3106.000000000024 0.09350698939500744
3107.0000000000246 0.09711481720992879
3108.0000000000246 0.10072264502485015
3109.0000000000246 0.1043304728397715
3110.000000000025 0.10793830065469284
3111.0000000000255 0.1115461284696142
3112.0000000000255 0.11515395628453555
3113.0000000000255 0.1187617840994569
3114.000000000026 0.12236961191437694
3115.0000000000264 0.12592801743046275
3116.0000000000264 0.12948642294654986
3117.0000000000264 0.1330942507614712
3118.000000000027 0.13670207857639255
3119.0000000000273 0.1403099063913139
3120.0000000000273 0.14391773420623524
3121.0000000000273 0.1475255620211566
3122.0000000000277 0.15113338983607796
3123.000000000028 0.15474121765099932
3124.000000000028 0.15834904546591924
3125.000000000028 0.16190745098200504
3126.0000000000286 0.16546585649809226
3127.000000000029 0.1690736843130136
3128.000000000029 0.17268151212793492
3129.000000000029 0.17628933994285628
3130.0000000000296 0.17989716775777764
3131.00000000003 0.183504995572699
3132.00000000003 0.18711282338762036
3133.00000000003 0.1907206512025417
3134.0000000000305 0.19432847901746153
3135.000000000031 0.19788688453354736
3136.000000000031 0.20144529004963468
3137.000000000031 0.205053117864556
3138.0000000000314 0.20866094567947735
3139.000000000032 0.2122687734943987
3140.000000000032 0.21587660130932007
3141.000000000032 0.21948442912424143
3142.0000000000323 0.22309225693916276
3143.0000000000327 0.22670008475408412
3144.0000000000327 0.23030791256900385
3145.0000000000327 0.23386631808508962
3146.000000000033 0.23742472360117706
3147.0000000000337 0.2410325514160984
3148.0000000000337 0.24464037923101975
3149.0000000000337 0.2482482070459411
3150.000000000034 0.2518560348608625
3151.0000000000346 0.2554638626757838
3152.0000000000346 0.25907169049070516
3153.0000000000346 0.2626795183056265
3154.000000000035 0.2662873461205461
3155.0000000000355 0.26984575163663194
3156.0000000000355 0.2734041571527195
3157.0000000000355 0.2770119849676408
3158.000000000036 0.28061981278256215
3159.0000000000364 0.2842276405974835
3160.0000000000364 0.28783546841240487
3161.0000000000364 0.29144329622732623
3162.000000000037 0.29505112404224754
3163.0000000000373 0.29865895185716895
3164.0000000000373 0.3022667796720884
3165.0000000000373 0.3058251851881742
3166.0000000000377 0.30938359070426186
3167.000000000038 0.3129914185191832
3168.000000000038 0.3165992463341045
3169.000000000038 0.3202070741490259
3170.0000000000387 0.3238149019639473
3171.000000000039 0.3274227297788686
3172.000000000039 0.33103055759378996
3173.000000000039 0.3346383854087113
3174.0000000000396 0.3382462132236307
3175.00000000004 0.34180461873971646
3176.00000000004 0.34536302425580423
3177.00000000004 0.34897085207072565
3178.0000000000405 0.352578679885647
3179.000000000041 0.3561865077005683
3180.000000000041 0.35979433551548967
3181.000000000041 0.36340216333041103
3182.0000000000414 0.3670099911453324
3183.000000000042 0.37061781896025375
3184.000000000042 0.374225646775173
3185.000000000042 0.3777840522912588
3186.0000000000423 0.38134245780734666
3187.0000000000427 0.384950285622268
3188.0000000000427 0.3885581134371894
3189.0000000000427 0.39216594125211074
3190.000000000043 0.3957737690670321
3191.0000000000437 0.39938159688195346
3192.0000000000437 0.40298942469687477
3193.0000000000437 0.4065972525117961
3194.000000000044 0.41020508032671527
3195.0000000000446 0.4137634858428011
3196.0000000000446 0.4173218913588891
3197.0000000000446 0.42092971917381045
3198.000000000045 0.4245375469887318
3199.0000000000455 0.42814537480365317
3200.0000000000455 0.4317532026185745
3201.0000000000455 0.43536103043349583
3202.000000000046 0.43896885824841714
3203.0000000000464 0.44257668606333855
3204.0000000000464 0.44618451387825764
3205.0000000000464 0.4497429193943434
3206.000000000047 0.4533013249104315
3207.0000000000473 0.4569091527253529
3208.0000000000473 0.4605169805402742
3209.0000000000473 0.46412480835519554
3210.0000000000477 0.4677326361701169
3211.000000000048 0.4713404639850382
3212.000000000048 0.47494829179995957
3213.000000000048 0.4785561196148809
3214.0000000000487 0.4821639474297999
3215.000000000049 0.48572235294588567
3216.000000000049 0.4892807584619739
3217.000000000049 0.49288858627689525
3218.0000000000496 0.4964964140918166
3219.00000000005 0.500104241906738
3220.00000000005 0.5037120697216594
3221.00000000005 0.5073198975365807
3222.0000000000505 0.510927725351502
3223.000000000051 0.5145355531664233
3224.000000000051 0.5181433809813422
3225.000000000051 0.5217017864974279
3226.0000000000514 0.5252601920135163
3227.000000000052 0.5288680198284377
3228.000000000052 0.532475847643359
3229.000000000052 0.5360836754582804
3230.0000000000523 0.5396915032732017
3231.0000000000528 0.5432993310881231
3232.0000000000528 0.5469071589030444
3233.0000000000528 0.5505149867179657
3234.000000000053 0.5541228145328845
3235.0000000000537 0.5576812200489702
3236.0000000000537 0.5612396255650587
3237.0000000000537 0.5648474533799801
3238.000000000054 0.5684552811949013
3239.0000000000546 0.5720631090098228
3240.0000000000546 0.5756709368247441
3241.0000000000546 0.5792787646396654
3242.000000000055 0.5828865924545868
3243.0000000000555 0.5864944202695082
3244.0000000000555 0.5901022480844267
3245.0000000000555 0.5936606536005126
3246.000000000056 0.597219059116601
3247.0000000000564 0.6008268869315225
3248.0000000000564 0.6044347147464438
3249.0000000000564 0.6080425425613653
3250.000000000057 0.6116503703762866
3251.0000000000573 0.6152581981912079
3252.0000000000573 0.6188660260061292
3253.0000000000573 0.6224738538210505
3254.0000000000578 0.626081681635969
3255.000000000058 0.6296400871520549
3256.000000000058 0.6331984926681434
3257.000000000058 0.636806320483065
3258.0000000000587 0.6404141482979863
3259.000000000059 0.6440219761129076
3260.000000000059 0.647629803927829
3261.000000000059 0.6512376317427502
3262.0000000000596 0.6548454595576716
3263.00000000006 0.6584532873725929
3264.00000000006 0.6620611151875113
3265.00000000006 0.6656195207035972
3266.0000000000605 0.669177926219686
3267.000000000061 0.6727857540346073
3268.000000000061 0.6763935818495287
3269.000000000061 0.6800014096644499
3270.0000000000614 0.6836092374793713
3271.000000000062 0.6872170652942926
3272.000000000062 0.690824893109214
3273.000000000062 0.6944327209241353
3274.0000000000623 0.6980405487390537
3275.0000000000628 0.7015989542551395
3276.0000000000628 0.7051573597712284
3277.0000000000628 0.7087651875861497
3278.000000000063 0.712373015401071
3279.0000000000637 0.7159808432159923
3280.0000000000637 0.7195886710309137
3281.0000000000637 0.723196498845835
3282.000000000064 0.7268043266607565
3283.0000000000646 0.7304121544756778
3284.0000000000646 0.734019982290596
3285.0000000000646 0.7375783878066818
3286.000000000065 0.7411367933227707
3287.0000000000655 0.744744621137692
3288.0000000000655 0.7483524489526134
3289.0000000000655 0.7519602767675347
3290.000000000066 0.7555681045824562
3291.0000000000664 0.7591759323973775
3292.0000000000664 0.7627837602122989
3293.0000000000664 0.7663915880272202
3294.000000000067 0.7699994158421383
3295.0000000000673 0.773557821358224
3296.0000000000673 0.7771162268743131
3297.0000000000673 0.7807240546892344
3298.0000000000678 0.7843318825041559
3299.000000000068 0.7879397103190772
3300.000000000068 0.7915475381339986
3301.000000000068 0.7951553659489199
3302.0000000000687 0.7987631937638413
3303.000000000069 0.8023710215787626
3304.000000000069 0.8059788493936806
3305.000000000069 0.8095372549097662
3306.0000000000696 0.8130956604258556
3307.00000000007 0.8167034882407769
3308.00000000007 0.8203113160556983
3309.00000000007 0.8239191438706196
3310.0000000000705 0.827526971685541
3311.000000000071 0.8311347995004623
3312.000000000071 0.8347426273152854
3313.000000000071 0.8369666307628396
3314.0000000000714 0.8391906342103654
3315.000000000072 0.8410192592672429
3316.000000000072 0.8428478843241168
3317.000000000072 0.8446270870821602
3318.0000000000723 0.8464062898402035
3319.0000000000728 0.848185492598247
3320.0000000000728 0.849964695356294
3321.0000000000728 0.851793320413172
3322.000000000073 0.8536219454700463
3323.0000000000737 0.8554011482280898
3324.0000000000737 0.8571803509861367
3325.0000000000737 0.8590089760430142
3326.000000000074 0.8608376010998879
3327.0000000000746 0.8626168038579315
3328.0000000000746 0.8643960066159748
3329.0000000000746 0.8661752093740182
3330.000000000075 0.8679544121320653
3331.0000000000755 0.8697830371889432
3332.0000000000755 0.8716116622458175
3333.0000000000755 0.8733908650038609
3334.000000000076 0.875170067761908
3335.0000000000764 0.8769986928187854
3336.0000000000764 0.8788273178756592
3337.0000000000764 0.8806065206337026
3338.000000000077 0.8823857233917459
3339.0000000000773 0.8841649261497894
3340.0000000000773 0.8859441289078365
3341.0000000000773 0.8877727539647146
3342.0000000000778 0.8896013790215886
3343.000000000078 0.891380581779632
3344.000000000078 0.8931597845376792
3345.000000000078 0.8949884095945567
3346.0000000000787 0.8968170346513954
3347.000000000079 0.8981514367199279
3348.000000000079 0.8994858387883551
3349.000000000079 0.8994858387883551
3350.0000000000796 0.8994858387883551
3351.00000000008 0.8994858387883551
3352.00000000008 0.8994858387883551
3353.00000000008 0.8994858387883551
3354.0000000000805 0.8994858387883551
3355.000000000081 0.8994858387883551
3356.000000000081 0.8994858387883551
3357.000000000081 0.8994858387883551
3358.0000000000814 0.8994858387883551
3359.000000000082 0.8994858387883551
3360.000000000082 0.8994858387883551
3361.000000000082 0.8994858387883551
3362.0000000000823 0.8994858387883551
3363.0000000000828 0.8994858387883551
3364.0000000000828 0.8994858387883551
3365.0000000000828 0.8994858387883551
3366.000000000083 0.8994858387883551
3367.0000000000837 0.8994858387883551
3368.0000000000837 0.8994858387883551
3369.0000000000837 0.8994858387883551
3370.000000000084 0.8994858387883551
3371.0000000000846 0.8994858387883551
3372.0000000000846 0.8994858387883551
3373.0000000000846 0.8994858387883551
3374.000000000085 0.8994858387883551
3375.0000000000855 0.8994858387883551
3376.0000000000855 0.8994858387883551
3377.0000000000855 0.8994858387883551
3378.000000000086 0.8994858387883551
3379.0000000000864 0.8994858387883551
3380.0000000000864 0.8994858387883551
3381.0000000000864 0.8994858387883551
3382.000000000087 0.8994858387883551
3383.0000000000873 0.8994858387883551
3384.0000000000873 0.8994858387883551
3385.0000000000873 0.8994858387883551
3386.0000000000878 0.8994858387883551
3387.000000000088 0.8994858387883551
3388.000000000088 0.8994858387883551
3389.000000000088 0.8994858387883551
3390.0000000000887 0.8994858387883551
3391.000000000089 0.8994858387883551
3392.000000000089 0.8994858387883551
3393.000000000089 0.8994858387883551
3394.0000000000896 0.8994858387883551
3395.00000000009 0.8994858387883551
3396.00000000009 0.8994858387883551
3397.00000000009 0.8994858387883551
3398.0000000000905 0.8994858387883551
3399.000000000091 0.8994858387883551
3400.000000000091 0.8994858387883551
3401.000000000091 0.8994858387883551
3402.0000000000914 0.8994858387883551
3403.000000000092 0.8994858387883551
3404.000000000092 0.8994858387883551
3405.000000000092 0.8994858387883551
3406.0000000000923 0.8994858387883551
3407.0000000000928 0.8994858387883551
3408.0000000000928 0.8994858387883551
3409.0000000000928 0.8994858387883551
3410.000000000093 0.8994858387883551
3411.0000000000937 0.8994858387883551
3412.0000000000937 0.8994858387883551
3413.0000000000937 0.8994858387883551
3414.000000000094 0.8994858387883551
3415.0000000000946 0.8994858387883551
3416.0000000000946 0.8994858387883551
3417.0000000000946 0.8994858387883551
3418.000000000095 0.8994858387883551
3419.0000000000955 0.8994858387883551
3420.0000000000955 0.8994858387883551
3421.0000000000955 0.8994858387883551
3422.000000000096 0.8994858387883551
3423.0000000000964 0.8994858387883551
3424.0000000000964 0.8994858387883551
3425.0000000000964 0.8994858387883551
3426.000000000097 0.8994858387883551
3427.0000000000973 0.8994858387883551
3428.0000000000973 0.8994858387883551
3429.0000000000973 0.8994858387883551
3430.0000000000978 0.8994858387883551
3431.000000000098 0.8994858387883551
3432.000000000098 0.8994858387883551
3433.000000000098 0.8994858387883551
3434.0000000000987 0.8994858387883551
3435.000000000099 0.8994858387883551
3436.000000000099 0.8994858387883551
3437.000000000099 0.8994858387883551
3438.0000000000996 0.8994858387883551
3439.0000000001 0.8994858387883551
3440.0000000001 0.8994858387883551
3441.0000000001 0.8994858387883551
3442.0000000001005 0.8994858387883551
3443.000000000101 0.8994858387883551
3444.000000000101 0.8994858387883551
3445.000000000101 0.8994858387883551
3446.0000000001014 0.8994858387883551
3447.000000000102 0.8994858387883551
3448.000000000102 0.8994858387883551
3449.000000000102 0.8994858387883551
3450.0000000001023 0.8994858387883551
3451.000000000103 0.8994858387883551
3452.000000000103 0.8994858387883551
3453.000000000103 0.8994858387883551
3454.0000000001032 0.8994858387883551
3455.0000000001037 0.8994858387883551
3456.0000000001037 0.8994858387883551
3457.0000000001037 0.8994858387883551
3458.000000000104 0.8994858387883551
3459.0000000001046 0.8994858387883551
3460.0000000001046 0.8994858387883551
3461.0000000001046 0.8994858387883551
3462.000000000105 0.8994858387883551
3463.0000000001055 0.8994858387883551
3464.0000000001055 0.8994858387883551
3465.0000000001055 0.8994858387883551
3466.000000000106 0.8994858387883551
3467.0000000001064 0.8994858387883551
3468.0000000001064 0.8994858387883551
3469.0000000001064 0.8994858387883551
3470.000000000107 0.8994858387883551
3471.0000000001073 0.8994858387883551
3472.0000000001073 0.8994858387883551
3473.0000000001073 0.8994858387883551
3474.000000000108 0.8994858387883551
3475.0000000001082 0.8994858387883551
3476.0000000001082 0.8994858387883551
3477.0000000001082 0.8994858387883551
3478.0000000001087 0.8994858387883551
3479.000000000109 0.8994858387883551
3480.000000000109 0.8994858387883551
3481.000000000109 0.8994858387883551
3482.0000000001096 0.8994858387883551
3483.00000000011 0.8994858387883551
3484.00000000011 0.8994858387883551
3485.00000000011 0.8994858387883551
3486.0000000001105 0.8994858387883551
3487.000000000111 0.8994858387883551
3488.000000000111 0.8994858387883551
3489.000000000111 0.8994858387883551
3490.0000000001114 0.8994858387883551
3491.000000000112 0.8994858387883551
3492.000000000112 0.8994858387883551
3493.000000000112 0.8994858387883551
3494.0000000001123 0.8994858387883551
3495.000000000113 0.8994858387883551
3496.000000000113 0.8994858387883551
3497.000000000113 0.8994858387883551
3498.0000000001132 0.8994858387883551
3499.0000000001137 0.8994858387883551
3500.0000000001137 0.8994858387883551
3501.0000000001137 0.8994858387883551
3502.000000000114 0.8994858387883551
3503.0000000001146 0.8994858387883551
3504.0000000001146 0.8994858387883551
3505.0000000001146 0.8994858387883551
3506.000000000115 0.8994858387883551
3507.0000000001155 0.8994858387883551
3508.0000000001155 0.8994858387883551
3509.0000000001155 0.8994858387883551
3510.000000000116 0.8994858387883551
3511.0000000001164 0.8994858387883551
3512.0000000001164 0.8994858387883551
3513.0000000001164 0.8994858387883551
3514.000000000117 0.8994858387883551
3515.0000000001173 0.8994858387883551
3516.0000000001173 0.8994858387883551
3517.0000000001173 0.8994858387883551
3518.000000000118 0.8994858387883551
3519.0000000001182 0.8994858387883551
3520.0000000001182 0.8994858387883551
3521.0000000001182 0.8994858387883551
3522.0000000001187 0.8994858387883551
3523.000000000119 0.8994858387883551
3524.000000000119 0.8994858387883551
3525.000000000119 0.8994858387883551
3526.0000000001196 0.8994858387883551
3527.00000000012 0.8994858387883551
3528.00000000012 0.8994858387883551
3529.00000000012 0.8994858387883551
3530.0000000001205 0.8994858387883551
3531.000000000121 0.8994858387883551
3532.000000000121 0.8994858387883551
3533.000000000121 0.8994858387883551
3534.0000000001214 0.8994858387883551
3535.000000000122 0.8994858387883551
3536.000000000122 0.8994858387883551
3537.000000000122 0.8994858387883551
3538.0000000001223 0.8994858387883551
3539.000000000123 0.8994858387883551
3540.000000000123 0.8994858387883551
3541.000000000123 0.8994858387883551
3542.0000000001232 0.8994858387883551
3543.0000000001237 0.8994858387883551
3544.0000000001237 0.8994858387883551
3545.0000000001237 0.8994858387883551
3546.000000000124 0.8994858387883551
3547.0000000001246 0.8994858387883551
3548.0000000001246 0.8994858387883551
3549.0000000001246 0.8994858387883551
3550.000000000125 0.8994858387883551
3551.0000000001255 0.8994858387883551
3552.0000000001255 0.8994858387883551
3553.0000000001255 0.8994858387883551
3554.000000000126 0.8994858387883551
3555.0000000001264 0.8994858387883551
3556.0000000001264 0.8994858387883551
3557.0000000001264 0.8994858387883551
3558.000000000127 0.8994858387883551
3559.0000000001273 0.8994858387883551
3560.0000000001273 0.8994858387883551
3561.0000000001273 0.8994858387883551
3562.000000000128 0.8994858387883551
3563.0000000001282 0.8994858387883551
3564.0000000001282 0.8994858387883551
3565.0000000001282 0.8994858387883551
3566.0000000001287 0.8994858387883551
3567.000000000129 0.8994858387883551
3568.000000000129 0.8994858387883551
3569.000000000129 0.8994858387883551
3570.0000000001296 0.8994858387883551
3571.00000000013 0.8994858387883551
3572.00000000013 0.8994858387883551
3573.00000000013 0.8994858387883551
3574.0000000001305 0.8994858387883551
3575.000000000131 0.8994858387883551
3576.000000000131 0.8994858387883551
3577.000000000131 0.8994858387883551
3578.0000000001314 0.8994858387883551
3579.000000000132 0.8994858387883551
3580.000000000132 0.8994858387883551
3581.000000000132 0.8994858387883551
3582.0000000001323 0.8994858387883551
3583.000000000133 0.8994858387883551
3584.000000000133 0.8994858387883551
3585.000000000133 0.8994858387883551
3586.0000000001332 0.8994858387883551
3587.0000000001337 0.8994858387883551
3588.0000000001337 0.8994858387883551
3589.0000000001337 0.8994858387883551
3590.000000000134 0.8994858387883551
3591.0000000001346 0.8994858387883551
3592.0000000001346 0.8994858387883551
3593.0000000001346 0.8994858387883551
3594.000000000135 0.8994858387883551
3595.0000000001355 0.8994858387883551
3596.0000000001355 0.8994858387883551
3597.0000000001355 0.8994858387883551
3598.000000000136 0.8994858387883551
3599.0000000001364 0.8994858387883551
3600.0000000001364 0.8994858387883551
3601.0000000001364 0.8994858387883551
3602.000000000137 0.8994858387883551
3603.0000000001373 0.8994858387883551
3604.0000000001373 0.8994858387883551
3605.0000000001373 0.8994858387883551
3606.000000000138 0.8994858387883551
3607.0000000001382 0.8994858387883551
3608.0000000001382 0.8994858387883551
3609.0000000001382 0.8994858387883551
3610.0000000001387 0.8994858387883551
3611.000000000139 0.8994858387883551
3612.000000000139 0.8994858387883551
3613.000000000139 0.8994858387883551
3614.0000000001396 0.8994858387883551
3615.00000000014 0.8994858387883551
3616.00000000014 0.8994858387883551
3617.00000000014 0.8994858387883551
3618.0000000001405 0.8994858387883551
3619.000000000141 0.8994858387883551
3620.000000000141 0.8994858387883551
3621.000000000141 0.8994858387883551
3622.0000000001414 0.8994858387883551
3623.000000000142 0.8994858387883551
3624.000000000142 0.8994858387883551
3625.000000000142 0.8994858387883551
3626.0000000001423 0.8994858387883551
3627.000000000143 0.8994858387883551
3628.000000000143 0.8994858387883551
3629.000000000143 0.8994858387883551
3630.0000000001432 0.8994858387883551
3631.0000000001437 0.8994858387883551
3632.0000000001437 0.8994858387883551
3633.0000000001437 0.8994858387883551
3634.000000000144 0.8994858387883551
3635.0000000001446 0.8994858387883551
3636.0000000001446 0.8994858387883551
3637.0000000001446 0.8994858387883551
3638.000000000145 0.8994858387883551
3639.0000000001455 0.8994858387883551
3640.0000000001455 0.8994858387883551
3641.0000000001455 0.8994858387883551
3642.000000000146 0.8994858387883551
3643.0000000001464 0.8994858387883551
3644.0000000001464 0.8994858387883551
3645.0000000001464 0.8994858387883551
3646.000000000147 0.8994858387883551
3647.0000000001473 0.8994858387883551
3648.0000000001473 0.8994858387883551
3649.0000000001473 0.8994858387883551
3650.000000000148 0.8994858387883551
3651.0000000001482 0.8994858387883551
3652.0000000001482 0.8994858387883551
3653.0000000001482 0.8994858387883551
3654.0000000001487 0.8994858387883551
3655.000000000149 0.8994858387883551
3656.000000000149 0.8994858387883551
3657.000000000149 0.8994858387883551
3658.0000000001496 0.8994858387883551
3659.00000000015 0.8994858387883551
3660.00000000015 0.8994858387883551
3661.00000000015 0.8994858387883551
3662.0000000001505 0.8994858387883551
3663.000000000151 0.8994858387883551
3664.000000000151 0.8994858387883551
3665.000000000151 0.8994858387883551
3666.0000000001514 0.8994858387883551
3667.000000000152 0.8994858387883551
3668.000000000152 0.8994858387883551
3669.000000000152 0.8994858387883551
3670.0000000001523 0.8994858387883551
3671.000000000153 0.8994858387883551
3672.000000000153 0.8994858387883551
3673.000000000153 0.8994858387883551
3674.0000000001532 0.8994858387883551
3675.0000000001537 0.8994858387883551
3676.0000000001537 0.8994858387883551
3677.0000000001537 0.8994858387883551
3678.000000000154 0.8994858387883551
3679.0000000001546 0.8994858387883551
3680.0000000001546 0.8994858387883551
3681.0000000001546 0.8994858387883551
3682.000000000155 0.8994858387883551
3683.0000000001555 0.8994858387883551
3684.0000000001555 0.8994858387883551
3685.0000000001555 0.8994858387883551
3686.000000000156 0.8994858387883551
3687.0000000001564 0.8994858387883551
3688.0000000001564 0.8994858387883551
3689.0000000001564 0.8994858387883551
3690.000000000157 0.8994858387883551
3691.0000000001573 0.8994858387883551
3692.0000000001573 0.8994858387883551
3693.0000000001573 0.8994858387883551
3694.000000000158 0.8994858387883551
3695.0000000001583 0.8994858387883551
3696.0000000001583 0.8994858387883551
3697.0000000001583 0.8994858387883551
3698.0000000001587 0.8994858387883551
3699.000000000159 0.8994858387883551
3700.000000000159 0.8994858387883551
3701.000000000159 0.8994858387883551
3702.0000000001596 0.8994858387883551
3703.00000000016 0.8994858387883551
3704.00000000016 0.8994858387883551
3705.00000000016 0.8994858387883551
3706.0000000001605 0.8994858387883551
3707.000000000161 0.8994858387883551
3708.000000000161 0.8994858387883551
3709.000000000161 0.8994858387883551
3710.0000000001614 0.8994858387883551
3711.000000000162 0.8994858387883551
3712.000000000162 0.8994858387883551
3713.000000000162 0.8994858387883551
3714.0000000001623 0.8994858387883551
3715.000000000163 0.8994858387883551
3716.000000000163 0.8994858387883551
3717.000000000163 0.8994858387883551
3718.0000000001633 0.8994858387883551
3719.0000000001637 0.8994858387883551
3720.0000000001637 0.8994858387883551
3721.0000000001637 0.8994858387883551
3722.000000000164 0.8994858387883551
3723.0000000001646 0.8994858387883551
3724.0000000001646 0.8994858387883551
3725.0000000001646 0.8994858387883551
3726.000000000165 0.8994858387883551
3727.0000000001655 0.8994858387883551
3728.0000000001655 0.8994858387883551
3729.0000000001655 0.8994858387883551
3730.000000000166 0.8994858387883551
3731.0000000001664 0.8994858387883551
3732.0000000001664 0.8994858387883551
3733.0000000001664 0.8994858387883551
3734.000000000167 0.8994858387883551
3735.0000000001673 0.8994858387883551
3736.0000000001673 0.8994858387883551
3737.0000000001673 0.8994858387883551
3738.000000000168 0.8994858387883551
3739.0000000001683 0.8994858387883551
3740.0000000001683 0.8994858387883551
3741.0000000001683 0.8994858387883551
3742.0000000001687 0.8994858387883551
3743.000000000169 0.8994858387883551
3744.000000000169 0.8994858387883551
3745.000000000169 0.8994858387883551
3746.0000000001696 0.8994858387883551
3747.00000000017 0.8994858387883551
3748.00000000017 0.8994858387883551
3749.00000000017 0.8994858387883551
3750.0000000001705 0.8994858387883551
3751.000000000171 0.8994858387883551
3752.000000000171 0.8994858387883551
3753.000000000171 0.8994858387883551
3754.0000000001714 0.8994858387883551
3755.000000000172 0.8994858387883551
3756.000000000172 0.8994858387883551
3757.000000000172 0.8994858387883551
3758.0000000001723 0.8994858387883551
3759.000000000173 0.8994858387883551
3760.000000000173 0.8994858387883551
3761.000000000173 0.8994858387883551
3762.0000000001733 0.8994858387883551
3763.0000000001737 0.8994858387883551
3764.0000000001737 0.8994858387883551
3765.0000000001737 0.8994858387883551
3766.000000000174 0.8994858387883551
3767.0000000001746 0.8994858387883551
3768.0000000001746 0.8994858387883551
3769.0000000001746 0.8994858387883551
3770.000000000175 0.8994858387883551
3771.0000000001755 0.8994858387883551
3772.0000000001755 0.8994858387883551
3773.0000000001755 0.8994858387883551
3774.000000000176 0.8994858387883551
3775.0000000001764 0.8994858387883551
3776.0000000001764 0.8994858387883551
3777.0000000001764 0.8994858387883551
3778.000000000177 0.8994858387883551
3779.0000000001774 0.8994858387883551
3780.0000000001774 0.8994858387883551
3781.0000000001774 0.8994858387883551
3782.000000000178 0.8994858387883551
3783.0000000001783 0.8994858387883551
3784.0000000001783 0.8994858387883551
3785.0000000001783 0.8994858387883551
3786.0000000001787 0.8994858387883551
3787.000000000179 0.8994858387883551
3788.000000000179 0.8994858387883551
3789.000000000179 0.8994858387883551
3790.0000000001796 0.8994858387883551
3791.00000000018 0.8994858387883551
3792.00000000018 0.8994858387881146
3793.00000000018 0.8981514367195821
3794.0000000001805 0.8968170346509602
3795.000000000181 0.8949884095940827
3796.000000000181 0.8931597845372141
3797.000000000181 0.8913805817791708
3798.0000000001814 0.8896013790211275
3799.000000000182 0.8878221762630839
3800.000000000182 0.8860429735050316
3801.000000000182 0.8842143484481537
3802.0000000001824 0.8823857233912848
3803.000000000183 0.8806065206332414
3804.000000000183 0.8788273178751889
3805.000000000183 0.8769986928183114
3806.0000000001833 0.875170067761443
3807.0000000001837 0.8733908650033997
3808.0000000001837 0.8716116622453562
3809.0000000001837 0.8698324594873129
3810.000000000184 0.8680532567292604
3811.0000000001846 0.8662246316723825
3812.0000000001846 0.8643960066155136
3813.0000000001846 0.8626168038574702
3814.000000000185 0.8608376010994176
3815.0000000001855 0.8590089760425402
3816.0000000001855 0.8571803509856719
3817.0000000001855 0.8554011482276285
3818.000000000186 0.8536219454695851
3819.0000000001864 0.8518427427115418
3820.0000000001864 0.850063539953489
3821.0000000001864 0.8482349148966111
3822.000000000187 0.8464062898397424
3823.0000000001874 0.8446270870816991
3824.0000000001874 0.8428478843236463
3825.0000000001874 0.8410192592667689
3826.000000000188 0.8391906342098173
3827.0000000001883 0.8369666307622632
3828.0000000001883 0.8347426273144485
3829.0000000001883 0.8311347994995271
3830.0000000001887 0.8275269716846059
3831.000000000189 0.8239191438696845
3832.000000000189 0.820311316054763
3833.000000000189 0.8167034882398417
3834.0000000001896 0.8130956604249298
3835.00000000019 0.809537254908844
3836.00000000019 0.8059788493927488
3837.00000000019 0.8023710215778274
3838.0000000001905 0.7987631937629062
3839.000000000191 0.7951553659479847
3840.000000000191 0.7915475381330633
3841.000000000191 0.787939710318142
3842.0000000001914 0.7843318825032206
3843.000000000192 0.7807240546882993
3844.000000000192 0.7771162268733874
3845.000000000192 0.7735578213573017
3846.0000000001924 0.7699994158412063
3847.000000000193 0.766391588026285
3848.000000000193 0.7627837602113637
3849.000000000193 0.7591759323964423
3850.0000000001933 0.7555681045815209
3851.0000000001937 0.7519602767665996
3852.0000000001937 0.7483524489516782
3853.0000000001937 0.744744621136757
3854.000000000194 0.7411367933218451
3855.0000000001946 0.7375783878057595
3856.0000000001946 0.734019982289664
3857.0000000001946 0.7304121544747426
3858.000000000195 0.7268043266598212
3859.0000000001955 0.7231964988448999
3860.0000000001955 0.7195886710299785
3861.0000000001955 0.7159808432150572
3862.000000000196 0.7123730154001359
3863.0000000001965 0.7087651875852146
3864.0000000001965 0.7051573597703029
3865.0000000001965 0.7015989542542171
3866.000000000197 0.6980405487381216
3867.0000000001974 0.6944327209232003
3868.0000000001974 0.6908248931082788
3869.0000000001974 0.6872170652933575
3870.000000000198 0.6836092374784362
3871.0000000001983 0.6800014096635149
3872.0000000001983 0.6763935818485934
3873.0000000001983 0.6727857540336721
3874.0000000001987 0.6691779262187606
3875.000000000199 0.6656195207026748
3876.000000000199 0.6620611151865791
3877.000000000199 0.6584532873716578
3878.0000000001996 0.6548454595567365
3879.0000000002 0.6512376317418151
3880.0000000002 0.6476298039268937
3881.0000000002 0.6440219761119724
3882.0000000002005 0.640414148297051
3883.000000000201 0.6368063204821297
3884.000000000201 0.6331984926672183
3885.000000000201 0.6296400871511325
3886.0000000002015 0.6260816816350366
3887.000000000202 0.6224738538201154
3888.000000000202 0.618866026005194
3889.000000000202 0.6152581981902727
3890.0000000002024 0.6116503703753513
3891.000000000203 0.60804254256043
3892.000000000203 0.6044347147455087
3893.000000000203 0.6008268869305873
3894.0000000002033 0.597219059115676
3895.0000000002037 0.5936606535995902
3896.0000000002037 0.5901022480834943
3897.0000000002037 0.586494420268573
3898.000000000204 0.5828865924536516
3899.0000000002046 0.5792787646387303
3900.0000000002046 0.5756709368238089
3901.0000000002046 0.5720631090088876
3902.000000000205 0.5684552811939663
3903.0000000002055 0.5648474533790449
3904.0000000002055 0.5612396255641338
3905.0000000002055 0.5576812200480479
3906.000000000206 0.5541228145319519
3907.0000000002065 0.5505149867170306
3908.0000000002065 0.5469071589021092
3909.0000000002065 0.5432993310871879
3910.000000000207 0.5396915032722667
3911.0000000002074 0.5360836754573451
3912.0000000002074 0.5324758476424238
3913.0000000002074 0.5288680198275024
3914.000000000208 0.5252601920125914
3915.0000000002083 0.5217017864965056
3916.0000000002083 0.5181433809804095
3917.0000000002083 0.5145355531654882
3918.0000000002087 0.5109277253505669
3919.000000000209 0.5073198975356455
3920.000000000209 0.5037120697207242
3921.000000000209 0.5001042419058027
3922.0000000002096 0.49649641409088136
3923.00000000021 0.4928885862759601
3924.00000000021 0.48928075846104907
3925.00000000021 0.4857223529449633
3926.0000000002105 0.48216394742886715
3927.000000000211 0.4785561196139458
3928.000000000211 0.4749482917990244
3929.000000000211 0.47134046398410306
3930.0000000002115 0.4677326361691817
3931.000000000212 0.46412480835426034
3932.000000000212 0.46051698053933904
3933.000000000212 0.4569091527244177
3934.0000000002124 0.45330132490950686
3935.000000000213 0.44974291939342104
3936.000000000213 0.4461845138773247
3937.000000000213 0.44257668606240336
3938.0000000002133 0.438968858247482
3939.0000000002137 0.43536103043256064
3940.0000000002137 0.43175320261763933
3941.0000000002137 0.42814537480271797
3942.000000000214 0.4245375469877966
3943.0000000002146 0.4209297191728753
3944.0000000002146 0.41732189135796455
3945.0000000002146 0.4137634858418787
3946.000000000215 0.4102050803257823
3947.0000000002156 0.40659725251086093
3948.0000000002156 0.40298942469593957
3949.0000000002156 0.39938159688101826
3950.000000000216 0.3957737690660969
3951.0000000002165 0.39216594125117554
3952.0000000002165 0.38855811343625424
3953.0000000002165 0.3849502856213329
3954.000000000217 0.38134245780642223
3955.0000000002174 0.3777840522903364
3956.0000000002174 0.37422564677423986
3957.0000000002174 0.37061781895931856
3958.000000000218 0.36700999114439725
3959.0000000002183 0.3634021633294759
3960.0000000002183 0.35979433551455453
3961.0000000002183 0.35618650769963317
3962.0000000002187 0.3525786798847118
3963.000000000219 0.34897085206979045
3964.000000000219 0.3453630242548799
3965.000000000219 0.34180461873879414
3966.0000000002196 0.3382462132226975
3967.00000000022 0.3346383854077762
3968.00000000022 0.33103055759285477
3969.00000000022 0.32742272977793346
3970.0000000002206 0.3238149019630121
3971.000000000221 0.32020707414809074
3972.000000000221 0.3165992463331694
3973.000000000221 0.312991418518248
3974.0000000002215 0.30938359070333765
3975.000000000222 0.3058251851872519
3976.000000000222 0.3022667796711551
3977.000000000222 0.29865895185623376
3978.0000000002224 0.2950511240413124
3979.000000000223 0.29144329622639104
3980.000000000223 0.28783546841146973
3981.000000000223 0.2842276405965483
3982.0000000002233 0.28061981278162695
3983.0000000002237 0.27701198496670565
3984.0000000002237 0.2734041571517954
3985.0000000002237 0.26984575163570956
3986.000000000224 0.2662873461196127
3987.0000000002246 0.26267951830469133
3988.0000000002246 0.25907169048976997
3989.0000000002246 0.25546386267484866
3990.000000000225 0.2518560348599273
3991.0000000002256 0.24824820704500597
3992.0000000002256 0.24464037923008458
3993.0000000002256 0.24103255141516325
3994.000000000226 0.23742472360025305
3995.0000000002265 0.23386631808416727
3996.0000000002265 0.23030791256807032
3997.0000000002265 0.22670008475314896
3998.000000000227 0.2230922569382276
3999.0000000002274 0.21948442912330623
4000.0000000002274 0.2158766013083849
4001.0000000002274 0.21226877349346354
4002.000000000228 0.20866094567854218
4003.0000000002283 0.20505311786362085
4004.0000000002283 0.20144529004871078
4005.0000000002283 0.19788688453262498
4006.0000000002287 0.1943284790165279
4007.000000000229 0.19072065120160653
4008.000000000229 0.18711282338668517
4009.000000000229 0.18350499557176383
4010.0000000002296 0.17989716775684247
4011.00000000023 0.1762893399419211
4012.00000000023 0.17268151212699975
4013.00000000023 0.16907368431207845
4014.0000000002306 0.16546585649716847
4015.000000000231 0.16190745098108267
4016.000000000231 0.1583490454649855
4017.000000000231 0.15474121765006413
4018.0000000002315 0.1511333898351428
4019.000000000232 0.14752556202022143
4020.000000000232 0.14391773420530007
4021.000000000232 0.1403099063903787
4022.0000000002324 0.13670207857545738
4023.000000000233 0.13309425076053605
4024.000000000233 0.1294864229456262
4025.000000000233 0.12592801742954038
4026.0000000002333 0.12236961191344306
4027.0000000002337 0.11876178409852173
4028.0000000002337 0.11515395628360038
4029.0000000002337 0.11154612846867902
4030.000000000234 0.10793830065375767
4031.0000000002346 0.10433047283883633
4032.0000000002346 0.10072264502391498
4033.0000000002346 0.09711481720899362
4034.000000000235 0.09350698939429325
4035.0000000002356 0.09083818525722889
4036.0000000002356 0.08816938112036228
4037.0000000002356 0.08634075606348432
4038.000000000236 0.08451213100661804
4039.0000000002365 0.08273292824857464
4040.0000000002365 0.08095372549053123
4041.0000000002365 0.07917452273248782
4042.000000000237 0.07739531997443269
4043.0000000002374 0.07556669491755476
4044.0000000002374 0.07373806986068857
4045.0000000002374 0.07195886710264565
4046.000000000238 0.07017966434459101
4047.0000000002383 0.06835103928771306
4048.0000000002383 0.0665224142308469
4049.0000000002383 0.06474321147280349
4050.0000000002387 0.06296400871476009
4051.000000000239 0.06118480595671668
4052.000000000239 0.05940560319866145
4053.000000000239 0.057576978141783496
4054.0000000002397 0.055748353084917414
4055.00000000024 0.05396915032687451
4056.00000000024 0.052189947568819756
4057.00000000024 0.05036132251194181
4058.0000000002406 0.04853269745507575
4059.000000000241 0.04675349469703234
4060.000000000241 0.044974291938988935
4061.000000000241 0.04319508918094553
4062.0000000002415 0.04141588642289018
4063.000000000242 0.03958726136601224
4064.000000000242 0.03775863630914626
4065.000000000242 0.03597943355110336
4066.0000000002424 0.03420023079304849
4067.000000000243 0.03237160573617055
4068.000000000243 0.030542980679304603
4069.000000000243 0.028763777921261197
4070.0000000002433 0.02698457516321779
4071.0000000002437 0.025205372405174384
4072.0000000002437 0.023426169647118925
4073.0000000002437 0.02159754459024098
4074.000000000244 0.019768919533375118
4075.0000000002447 0.017989716775332218
4076.0000000002447 0.016210514017277237
4077.0000000002447 0.014381888960399292
4078.000000000245 0.012553263903533455
4079.0000000002456 0.010774061145490049
4080.0000000002456 0.008994858387446644
4081.0000000002456 0.007215655629403238
4082.000000000246 0.005436452871347667
4083.0000000002465 0.0036078278144697222
4084.0000000002465 0.001779202757823435
4085.0000000002465 0.0008896013788019849
4086.000000000247 0.0
4087.0000000002474 0.0
4088.0000000002474 0.0
4089.0000000002474 0.0
4090.000000000248 0.0
4091.0000000002483 0.0
4092.0000000002483 0.0
4093.0000000002483 0.0
4094.0000000002487 0.0
4095.000000000249 0.0
4096.000000000249 0.0
4097.000000000249 0.0
4098.000000000249 0.0
4099.00000000025 0.0
4100.00000000025 0.0
4101.00000000025 0.0
4102.000000000251 0.0
4103.000000000251 0.0
4104.000000000251 0.0
4105.000000000251 0.0
4106.000000000251 0.0
4107.000000000252 0.0
4108.000000000252 0.0
4109.000000000252 0.0
4110.000000000253 0.0
4111.000000000253 0.0
4112.000000000253 0.0
4113.000000000253 0.0
4114.000000000253 0.0
4115.000000000254 0.0
4116.000000000254 0.0
4117.000000000254 0.0
4118.000000000255 0.0
4119.000000000255 0.0
4120.000000000255 0.0
4121.000000000255 0.0
4122.000000000255 0.0
4123.000000000256 0.0
4124.000000000256 0.0
4125.000000000256 0.0
4126.0000000002565 0.0
4127.0000000002565 0.0
4128.0000000002565 0.0
4129.0000000002565 0.0
4130.0000000002565 0.0
4131.000000000257 0.0
4132.000000000257 0.0
4133.000000000257 0.0
4134.000000000258 0.0
4135.000000000258 0.0
4136.000000000258 0.0
4137.000000000258 0.0
4138.000000000258 0.0
4139.000000000259 0.0
4140.000000000259 0.0
4141.000000000259 0.0
4142.00000000026 0.0
4143.00000000026 0.0
4144.00000000026 0.0
4145.00000000026 0.0
4146.00000000026 0.0
4147.000000000261 0.0
4148.000000000261 0.0
4149.000000000261 0.0
