3000.0 0.0
3001.0 0.0
3002.0000000000005 0.0
3003.000000000001 0.0
3004.000000000001 0.0
3005.000000000001 0.0
3006.0000000000014 0.0
3007.000000000002 0.0
3008.000000000002 0.0
3009.000000000002 0.0
3010.0000000000023 0.0
3011.0000000000027 0.0
3012.0000000000027 0.0
3013.0000000000027 0.0
3014.000000000003 0.0
3015.0000000000036 0.0
3016.0000000000036 0.0
3017.0000000000036 0.0
3018.000000000004 0.0
3019.0000000000045 0.0
3020.0000000000045 0.0
3021.0000000000045 0.0
3022.000000000005 0.0
3023.0000000000055 0.0
3024.0000000000055 0.0
3025.0000000000055 0.0
3026.000000000006 0.0
3027.0000000000064 0.0
3028.0000000000064 0.0
3029.0000000000064 0.0
3030.000000000007 0.0
3031.0000000000073 0.0
3032.0000000000073 0.0
3033.0000000000073 0.0
3034.0000000000077 0.0
3035.000000000008 0.0
3036.000000000008 0.0
3037.000000000008 0.0
3038.0000000000086 0.0
3039.000000000009 0.0
3040.000000000009 0.0
3041.000000000009 0.0
3042.0000000000095 0.0
3043.00000000001 0.0
3044.00000000001 0.0
3045.00000000001 0.0
3046.0000000000105 0.0
3047.000000000011 0.0
3048.000000000011 0.0
3049.000000000011 0.0
3050.0000000000114 0.0
3051.000000000012 0.0
3052.000000000012 0.0
3053.000000000012 0.0
3054.0000000000123 0.0
3055.0000000000127 0.0
3056.0000000000127 0.0
3057.0000000000127 0.0
3058.000000000013 0.0
3059.0000000000136 0.0
3060.0000000000136 0.0
3061.0000000000136 0.0
3062.000000000014 0.0
3063.0000000000146 0.0
3064.0000000000146 0.0
3065.0000000000146 0.0
3066.000000000015 0.0
3067.0000000000155 0.0
3068.0000000000155 0.0
3069.0000000000155 0.0
3070.000000000016 0.0
3071.0000000000164 0.0
3072.0000000000164 0.0
3073.0000000000164 0.0
3074.000000000017 0.0
3075.0000000000173 0.0
3076.0000000000173 0.0
3077.0000000000173 0.0
3078.0000000000177 0.0
3079.000000000018 0.0
3080.000000000018 0.0
3081.000000000018 0.0
3082.0000000000186 0.0
3083.000000000019 0.0
3084.000000000019 0.0
3085.000000000019 0.0
3086.0000000000196 0.0
3087.00000000002 0.0
3088.00000000002 0.0
3089.00000000002 0.0
3090.0000000000205 0.0
3091.000000000021 0.0
3092.000000000021 0.0
3093.000000000021 0.0
3094.0000000000214 0.0
3095.000000000022 0.0
3096.000000000022 0.0
3097.000000000022 0.0
3098.0000000000223 0.0
3099.0000000000227 0.0
3100.0000000000227 0.0
3101.0000000000227 0.0
3102.000000000023 0.0
3103.0000000000236 0.0
3104.0000000000236 0.0
3105.0000000000236 0.0
3106.000000000024 0.0
3107.0000000000246 0.0
3108.0000000000246 0.0
3109.0000000000246 0.0
3110.000000000025 0.0
3111.0000000000255 0.0
3112.0000000000255 0.0
3113.0000000000255 0.0
3114.000000000026 0.0
3115.0000000000264 0.0
3116.0000000000264 0.0
3117.0000000000264 0.0
3118.000000000027 0.0
3119.0000000000273 0.0
3120.0000000000273 0.0
3121.0000000000273 0.0
3122.0000000000277 0.0
3123.000000000028 0.0
3124.000000000028 0.0
3125.000000000028 0.0
3126.0000000000286 0.0
3127.000000000029 0.0
3128.000000000029 0.0
3129.000000000029 0.0
3130.0000000000296 0.0
3131.00000000003 0.0
3132.00000000003 0.0
3133.00000000003 0.0
3134.0000000000305 0.0
3135.000000000031 0.0
3136.000000000031 0.0
3137.000000000031 0.0
3138.0000000000314 0.0
3139.000000000032 0.0
3140.000000000032 0.0
3141.000000000032 0.0
3142.0000000000323 0.0
3143.0000000000327 0.0
3144.0000000000327 0.0
3145.0000000000327 0.0
3146.000000000033 0.0
3147.0000000000337 0.0
3148.0000000000337 0.0
3149.0000000000337 0.0
3150.000000000034 0.0
3151.0000000000346 0.0
3152.0000000000346 0.0
3153.0000000000346 0.0
3154.000000000035 0.0
3155.0000000000355 0.0
3156.0000000000355 0.0
3157.0000000000355 0.0
3158.000000000036 0.0
3159.0000000000364 0.0
3160.0000000000364 0.0
3161.0000000000364 0.0
3162.000000000037 0.0
3163.0000000000373 0.0
3164.0000000000373 0.0
3165.0000000000373 0.0
3166.0000000000377 0.0
3167.000000000038 0.0
3168.000000000038 0.0
3169.000000000038 0.0
3170.0000000000387 0.0
3171.000000000039 0.0
3172.000000000039 0.0
3173.000000000039 0.0
3174.0000000000396 0.0
3175.00000000004 0.0
3176.00000000004 0.0
3177.00000000004 0.0
3178.0000000000405 0.0
3179.000000000041 0.0
3180.000000000041 0.0
3181.000000000041 0.0
3182.0000000000414 0.0
3183.000000000042 0.0
3184.000000000042 0.0
3185.000000000042 0.0
3186.0000000000423 0.0
3187.0000000000427 0.0
3188.0000000000427 0.0
3189.0000000000427 0.0
3190.000000000043 0.0
3191.0000000000437 0.0
3192.0000000000437 0.0
3193.0000000000437 0.0
3194.000000000044 0.0
3195.0000000000446 0.0
3196.0000000000446 0.0
3197.0000000000446 0.0
3198.000000000045 0.0
3199.0000000000455 0.0
3200.0000000000455 0.0
3201.0000000000455 0.0
3202.000000000046 0.0
3203.0000000000464 0.0
3204.0000000000464 0.0
3205.0000000000464 0.0
3206.000000000047 0.0
3207.0000000000473 0.0
3208.0000000000473 0.0
3209.0000000000473 0.0
3210.0000000000477 0.0
3211.000000000048 0.0
3212.000000000048 0.0
3213.000000000048 0.0
3214.0000000000487 0.0
3215.000000000049 0.0
3216.000000000049 0.0
3217.000000000049 0.0
3218.0000000000496 0.0
3219.00000000005 0.0
3220.00000000005 0.0
3221.00000000005 0.0
3222.0000000000505 0.0
3223.000000000051 0.0
3224.000000000051 0.0
3225.000000000051 0.0
3226.0000000000514 0.0
3227.000000000052 0.0
3228.000000000052 0.0
3229.000000000052 0.0
3230.0000000000523 0.0
3231.0000000000528 0.0
3232.0000000000528 0.0
3233.0000000000528 0.0
3234.000000000053 0.0
3235.0000000000537 0.0
3236.0000000000537 0.0
3237.0000000000537 0.0
3238.000000000054 0.0
3239.0000000000546 0.0
3240.0000000000546 0.0
3241.0000000000546 0.0
3242.000000000055 0.0
3243.0000000000555 0.0
3244.0000000000555 0.0
3245.0000000000555 0.0
3246.000000000056 0.0
3247.0000000000564 0.0
3248.0000000000564 0.0
3249.0000000000564 0.0
3250.000000000057 0.0
3251.0000000000573 0.0
3252.0000000000573 0.0
3253.0000000000573 0.0
3254.0000000000578 0.0
3255.000000000058 0.0
3256.000000000058 0.0
3257.000000000058 0.0
3258.0000000000587 0.0
3259.000000000059 0.0
3260.000000000059 0.0
3261.000000000059 0.0
3262.0000000000596 0.0
3263.00000000006 0.0
3264.00000000006 0.0
3265.00000000006 0.0
3266.0000000000605 0.0
3267.000000000061 0.0
3268.000000000061 0.0
3269.000000000061 0.0
3270.0000000000614 0.0
3271.000000000062 0.0
3272.000000000062 0.0
3273.000000000062 0.0
3274.0000000000623 0.0
3275.0000000000628 0.0
3276.0000000000628 0.0
3277.0000000000628 0.0
3278.000000000063 0.0
3279.0000000000637 0.0
3280.0000000000637 0.0
3281.0000000000637 0.0
3282.000000000064 0.0
3283.0000000000646 0.0
3284.0000000000646 0.0
3285.0000000000646 0.0
3286.000000000065 0.0
3287.0000000000655 0.0
3288.0000000000655 0.0
3289.0000000000655 0.0
3290.000000000066 0.0
3291.0000000000664 0.0
3292.0000000000664 0.0
3293.0000000000664 0.0
3294.000000000067 0.0
3295.0000000000673 0.0
3296.0000000000673 0.0
3297.0000000000673 0.0
3298.0000000000678 0.0
3299.000000000068 0.0
3300.000000000068 0.0
3301.000000000068 0.0
3302.0000000000687 0.0
3303.000000000069 0.0
3304.000000000069 0.0
3305.000000000069 0.0
3306.0000000000696 0.0
3307.00000000007 0.0
3308.00000000007 0.0
3309.00000000007 0.0
3310.0000000000705 0.0
3311.000000000071 0.0
3312.000000000071 0.0
3313.000000000071 0.0
3314.0000000000714 0.0
3315.000000000072 0.0
3316.000000000072 0.0
3317.000000000072 0.0
3318.0000000000723 0.0
3319.0000000000728 0.0
3320.0000000000728 0.0
3321.0000000000728 0.0
3322.000000000073 0.0
3323.0000000000737 0.0
3324.0000000000737 0.0
3325.0000000000737 0.0
3326.000000000074 0.0
3327.0000000000746 0.0
3328.0000000000746 0.0
3329.0000000000746 0.0
3330.000000000075 0.0
3331.0000000000755 0.0
3332.0000000000755 0.0
3333.0000000000755 0.0
3334.000000000076 0.0
3335.0000000000764 0.0
3336.0000000000764 0.0
3337.0000000000764 0.0
3338.000000000077 0.0
3339.0000000000773 0.0
3340.0000000000773 0.0
3341.0000000000773 0.0
3342.0000000000778 0.0
3343.000000000078 0.0
3344.000000000078 0.0
3345.000000000078 0.0
3346.0000000000787 0.0
3347.000000000079 0.0
3348.000000000079 0.0
3349.000000000079 0.0
3350.0000000000796 0.0
3351.00000000008 0.0
3352.00000000008 0.0
3353.00000000008 0.0
3354.0000000000805 0.0
3355.000000000081 0.0
3356.000000000081 0.0
3357.000000000081 0.0
3358.0000000000814 0.0
3359.000000000082 0.0
3360.000000000082 0.0
3361.000000000082 0.0
3362.0000000000823 0.0
3363.0000000000828 0.0
3364.0000000000828 0.0
3365.0000000000828 0.0
3366.000000000083 0.0
3367.0000000000837 0.0
3368.0000000000837 0.0
3369.0000000000837 0.0
3370.000000000084 0.0
3371.0000000000846 0.0
3372.0000000000846 0.0
3373.0000000000846 0.0
3374.000000000085 0.0
3375.0000000000855 0.0
3376.0000000000855 0.0
3377.0000000000855 0.0
3378.000000000086 0.0
3379.0000000000864 0.0
3380.0000000000864 0.0
3381.0000000000864 0.0
3382.000000000087 0.0
3383.0000000000873 0.0
3384.0000000000873 0.0
3385.0000000000873 0.0
3386.0000000000878 0.0
3387.000000000088 0.0
3388.000000000088 0.0
3389.000000000088 0.0
3390.0000000000887 0.0
3391.000000000089 0.0
3392.000000000089 0.0
3393.000000000089 0.0
3394.0000000000896 0.0
3395.00000000009 0.0
3396.00000000009 0.0
3397.00000000009 0.0
3398.0000000000905 0.0
3399.000000000091 0.0
3400.000000000091 0.0
3401.000000000091 0.0
3402.0000000000914 0.0
3403.000000000092 0.0
3404.000000000092 0.0
3405.000000000092 0.0
3406.0000000000923 0.0
3407.0000000000928 0.0
3408.0000000000928 0.0
3409.0000000000928 0.0
3410.000000000093 0.0
3411.0000000000937 0.0
3412.0000000000937 0.0
3413.0000000000937 0.0
3414.000000000094 0.0
3415.0000000000946 0.0
3416.0000000000946 0.0
3417.0000000000946 0.0
3418.000000000095 0.0
3419.0000000000955 0.0
3420.0000000000955 0.0
3421.0000000000955 0.0
3422.000000000096 0.0
3423.0000000000964 0.0
3424.0000000000964 0.0
3425.0000000000964 0.0
3426.000000000097 0.0
3427.0000000000973 0.0
3428.0000000000973 0.0
3429.0000000000973 0.0
3430.0000000000978 0.0
3431.000000000098 0.0
3432.000000000098 0.0
3433.000000000098 0.0
3434.0000000000987 0.0
3435.000000000099 0.0
3436.000000000099 0.0
3437.000000000099 0.0
3438.0000000000996 0.0
3439.0000000001 0.0
3440.0000000001 0.0
3441.0000000001 0.0
3442.0000000001005 0.0
3443.000000000101 0.0
3444.000000000101 0.0
3445.000000000101 0.0
3446.0000000001014 0.0
3447.000000000102 0.0
3448.000000000102 0.0
3449.000000000102 0.0
3450.0000000001023 0.0
3451.000000000103 0.0
3452.000000000103 0.0
3453.000000000103 0.0
3454.0000000001032 0.0
3455.0000000001037 0.0
3456.0000000001037 0.0
3457.0000000001037 0.0
3458.000000000104 0.0
3459.0000000001046 0.0
3460.0000000001046 0.0
3461.0000000001046 0.0
3462.000000000105 0.0
3463.0000000001055 0.0
3464.0000000001055 0.0
3465.0000000001055 0.0
3466.000000000106 0.0
3467.0000000001064 0.0
3468.0000000001064 0.0
3469.0000000001064 0.0
3470.000000000107 0.0
3471.0000000001073 0.0
3472.0000000001073 0.0
3473.0000000001073 0.0
3474.000000000108 0.0
3475.0000000001082 0.0
3476.0000000001082 0.0
3477.0000000001082 0.0
3478.0000000001087 0.0
3479.000000000109 0.0
3480.000000000109 0.0
3481.000000000109 0.0
3482.0000000001096 0.0
3483.00000000011 0.0
3484.00000000011 0.0
3485.00000000011 0.0
3486.0000000001105 0.0
3487.000000000111 0.0
3488.000000000111 0.0
3489.000000000111 0.0
3490.0000000001114 0.0
3491.000000000112 0.0
3492.000000000112 0.0
3493.000000000112 0.0
3494.0000000001123 0.0
3495.000000000113 0.0
3496.000000000113 0.0
3497.000000000113 0.0
3498.0000000001132 0.0
3499.0000000001137 0.0
3500.0000000001137 0.0
3501.0000000001137 0.0
3502.000000000114 0.0
3503.0000000001146 0.0
3504.0000000001146 0.0
3505.0000000001146 0.0
3506.000000000115 0.0
3507.0000000001155 0.0
3508.0000000001155 0.0
3509.0000000001155 0.0
3510.000000000116 0.0
3511.0000000001164 0.0
3512.0000000001164 0.0
3513.0000000001164 0.0
3514.000000000117 0.0
3515.0000000001173 0.0
3516.0000000001173 0.0
3517.0000000001173 0.0
3518.000000000118 0.0
3519.0000000001182 0.0
3520.0000000001182 0.0
3521.0000000001182 0.0
3522.0000000001187 0.0
3523.000000000119 0.0
3524.000000000119 0.0
3525.000000000119 0.0
3526.0000000001196 0.0
3527.00000000012 0.0
3528.00000000012 0.0
3529.00000000012 0.0
3530.0000000001205 0.0
3531.000000000121 0.0
3532.000000000121 0.0
3533.000000000121 0.0
3534.0000000001214 0.0
3535.000000000122 0.0
3536.000000000122 0.0
3537.000000000122 0.0
3538.0000000001223 0.0
3539.000000000123 0.0
3540.000000000123 0.0
3541.000000000123 0.0
3542.0000000001232 0.0
3543.0000000001237 0.0
3544.0000000001237 0.0
3545.0000000001237 0.0
3546.000000000124 0.0
3547.0000000001246 0.0
3548.0000000001246 0.0
3549.0000000001246 0.0
3550.000000000125 0.0
3551.0000000001255 0.0
3552.0000000001255 0.0
3553.0000000001255 0.0
3554.000000000126 0.0
3555.0000000001264 0.0
3556.0000000001264 0.0
3557.0000000001264 0.0
3558.000000000127 0.0
3559.0000000001273 0.0
3560.0000000001273 0.0
3561.0000000001273 0.0
3562.000000000128 0.0
3563.0000000001282 0.0
3564.0000000001282 0.0
3565.0000000001282 0.0
3566.0000000001287 0.0
3567.000000000129 0.0
3568.000000000129 0.0
3569.000000000129 0.0
3570.0000000001296 0.0
3571.00000000013 0.0
3572.00000000013 0.0
3573.00000000013 0.0
3574.0000000001305 0.0
3575.000000000131 0.0
3576.000000000131 0.0
3577.000000000131 0.0
3578.0000000001314 0.0
3579.000000000132 0.0
3580.000000000132 0.0
3581.000000000132 0.0
3582.0000000001323 0.0
3583.000000000133 0.0
3584.000000000133 0.0
3585.000000000133 0.0
3586.0000000001332 0.0
3587.0000000001337 0.0
3588.0000000001337 0.0
3589.0000000001337 0.0
3590.000000000134 0.0
3591.0000000001346 0.0
3592.0000000001346 0.0
3593.0000000001346 0.0
3594.000000000135 0.0
3595.0000000001355 0.0
3596.0000000001355 0.0
3597.0000000001355 0.0
3598.000000000136 0.0
3599.0000000001364 0.0
3600.0000000001364 0.0
3601.0000000001364 0.0
3602.000000000137 0.0
3603.0000000001373 0.0
3604.0000000001373 0.0
3605.0000000001373 0.0
3606.000000000138 0.0
3607.0000000001382 0.0
3608.0000000001382 0.0
3609.0000000001382 0.0
3610.0000000001387 0.0
3611.000000000139 0.0
3612.000000000139 0.0
3613.000000000139 0.0
3614.0000000001396 0.0
3615.00000000014 0.0
3616.00000000014 0.0
3617.00000000014 0.0
3618.0000000001405 0.0
3619.000000000141 0.0
3620.000000000141 0.0
3621.000000000141 0.0
3622.0000000001414 0.0
3623.000000000142 0.0
3624.000000000142 0.0
3625.000000000142 0.0
3626.0000000001423 0.0
3627.000000000143 0.0
3628.000000000143 0.0
3629.000000000143 0.0
3630.0000000001432 0.0
3631.0000000001437 0.0
3632.0000000001437 0.0
3633.0000000001437 0.0
3634.000000000144 0.0
3635.0000000001446 0.0
3636.0000000001446 0.0
3637.0000000001446 0.0
3638.000000000145 0.0
3639.0000000001455 0.0
3640.0000000001455 0.0
3641.0000000001455 0.0
3642.000000000146 0.0
3643.0000000001464 0.0
3644.0000000001464 0.0
3645.0000000001464 0.0
3646.000000000147 0.0
3647.0000000001473 0.0
3648.0000000001473 0.0
3649.0000000001473 0.0
3650.000000000148 0.0
3651.0000000001482 0.0
3652.0000000001482 0.0
3653.0000000001482 0.0
3654.0000000001487 0.0
3655.000000000149 0.0
3656.000000000149 0.0
3657.000000000149 0.0
3658.0000000001496 0.0
3659.00000000015 0.0
3660.00000000015 0.0
3661.00000000015 0.0
3662.0000000001505 0.0
3663.000000000151 0.0
3664.000000000151 0.0
3665.000000000151 0.0
3666.0000000001514 0.0
3667.000000000152 0.0
3668.000000000152 0.0
3669.000000000152 0.0
3670.0000000001523 0.0
3671.000000000153 0.0
3672.000000000153 0.0
3673.000000000153 0.0
3674.0000000001532 0.0
3675.0000000001537 0.0
3676.0000000001537 0.0
3677.0000000001537 0.0
3678.000000000154 0.0
3679.0000000001546 0.0
3680.0000000001546 0.0
3681.0000000001546 0.0
3682.000000000155 0.0
3683.0000000001555 0.0
3684.0000000001555 0.0
3685.0000000001555 0.0
3686.000000000156 0.0
3687.0000000001564 0.0
3688.0000000001564 0.0
3689.0000000001564 0.0
3690.000000000157 0.0
3691.0000000001573 0.0
3692.0000000001573 0.0
3693.0000000001573 0.0
3694.000000000158 0.0
3695.0000000001583 0.0
3696.0000000001583 0.0
3697.0000000001583 0.0
3698.0000000001587 0.0
3699.000000000159 0.0
3700.000000000159 0.0
3701.000000000159 0.0
3702.0000000001596 0.0
3703.00000000016 0.0
3704.00000000016 0.0
3705.00000000016 0.0
3706.0000000001605 0.0
3707.000000000161 0.0
3708.000000000161 0.0
3709.000000000161 0.0
3710.0000000001614 0.0
3711.000000000162 0.0
3712.000000000162 0.0
3713.000000000162 0.0
3714.0000000001623 0.0
3715.000000000163 0.0
3716.000000000163 0.0
3717.000000000163 0.0
3718.0000000001633 0.0
3719.0000000001637 0.0
3720.0000000001637 0.0
3721.0000000001637 0.0
3722.000000000164 0.0
3723.0000000001646 0.0
3724.0000000001646 0.0
3725.0000000001646 0.0
3726.000000000165 0.0
3727.0000000001655 0.0
3728.0000000001655 0.0
3729.0000000001655 0.0
3730.000000000166 0.0
3731.0000000001664 0.0
3732.0000000001664 0.0
3733.0000000001664 0.0
3734.000000000167 0.0
3735.0000000001673 0.0
3736.0000000001673 0.0
3737.0000000001673 0.0
3738.000000000168 0.0
3739.0000000001683 0.0
3740.0000000001683 0.0
3741.0000000001683 0.0
3742.0000000001687 0.0
3743.000000000169 0.0
3744.000000000169 0.0
3745.000000000169 0.0
3746.0000000001696 0.0
3747.00000000017 0.0
3748.00000000017 0.0
3749.00000000017 0.0
3750.0000000001705 0.0
3751.000000000171 0.0
3752.000000000171 0.0
3753.000000000171 0.0
3754.0000000001714 0.0
3755.000000000172 0.0
3756.000000000172 0.0
3757.000000000172 0.0
3758.0000000001723 0.0
3759.000000000173 0.0
3760.000000000173 0.0
3761.000000000173 0.0
3762.0000000001733 0.0
3763.0000000001737 0.0
3764.0000000001737 0.0
3765.0000000001737 0.0
3766.000000000174 0.0
3767.0000000001746 0.0
3768.0000000001746 0.0
3769.0000000001746 0.0
3770.000000000175 0.0
3771.0000000001755 0.0
3772.0000000001755 0.0
3773.0000000001755 0.0
3774.000000000176 0.0
3775.0000000001764 0.0
3776.0000000001764 0.0
3777.0000000001764 0.0
3778.000000000177 0.0
3779.0000000001774 0.0
3780.0000000001774 0.0
3781.0000000001774 0.0
3782.000000000178 0.0
3783.0000000001783 0.0
3784.0000000001783 0.0
3785.0000000001783 0.0
3786.0000000001787 0.0
3787.000000000179 0.0
3788.000000000179 0.0
3789.000000000179 0.0
3790.0000000001796 0.0
3791.00000000018 0.0
3792.00000000018 0.0
3793.00000000018 0.0
3794.0000000001805 0.0
3795.000000000181 0.0
3796.000000000181 0.0
3797.000000000181 0.0
3798.0000000001814 0.0
3799.000000000182 0.0
3800.000000000182 0.0
3801.000000000182 0.0
3802.0000000001824 0.0
3803.000000000183 0.0
3804.000000000183 0.0
3805.000000000183 0.0
3806.0000000001833 0.0
3807.0000000001837 0.0
3808.0000000001837 0.0
3809.0000000001837 0.0
3810.000000000184 0.0
3811.0000000001846 0.0
3812.0000000001846 0.0
3813.0000000001846 0.0
3814.000000000185 0.0
3815.0000000001855 0.0
3816.0000000001855 0.0
3817.0000000001855 0.0
3818.000000000186 0.0
3819.0000000001864 0.0
3820.0000000001864 0.0
3821.0000000001864 0.0
3822.000000000187 0.0
3823.0000000001874 0.0
3824.0000000001874 0.0
3825.0000000001874 0.0
3826.000000000188 0.0
3827.0000000001883 0.0
3828.0000000001883 0.0
3829.0000000001883 0.0
3830.0000000001887 0.0
3831.000000000189 0.0
3832.000000000189 0.0
3833.000000000189 0.0
3834.0000000001896 0.0
3835.00000000019 0.0
3836.00000000019 0.0
3837.00000000019 0.0
3838.0000000001905 0.0
3839.000000000191 0.0
3840.000000000191 0.0
3841.000000000191 0.0
3842.0000000001914 0.0
3843.000000000192 0.0
3844.000000000192 0.0
3845.000000000192 0.0
3846.0000000001924 0.0
3847.000000000193 0.0
3848.000000000193 0.0
3849.000000000193 0.0
3850.0000000001933 0.0
3851.0000000001937 0.0
3852.0000000001937 0.0
3853.0000000001937 0.0
3854.000000000194 0.0
3855.0000000001946 0.0
3856.0000000001946 0.0
3857.0000000001946 0.0
3858.000000000195 0.0
3859.0000000001955 0.0
3860.0000000001955 0.0
3861.0000000001955 0.0
3862.000000000196 0.0
3863.0000000001965 0.0
3864.0000000001965 1.846855141923774e-13
3865.0000000001965 0.0009390236780406606
3866.000000000197 0.001878047356071601
3867.0000000001974 0.003706672412949546
3868.0000000001974 0.005535297469837239
3869.0000000001974 0.007413344825549723
3870.000000000198 0.00929139218125243
3871.0000000001983 0.011120017238130376
3872.0000000001983 0.012948642295018126
3873.0000000001983 0.014826689650730607
3874.0000000001987 0.016704737006443093
3875.000000000199 0.01858278436215504
3876.000000000199 0.020460831717857158
3877.000000000199 0.022289456774735105
3878.0000000001996 0.024118081831622912
3879.0000000002 0.025996129187335397
3880.0000000002 0.02787417654303799
3881.0000000002 0.029702801599915934
3882.0000000002005 0.03153142665680379
3883.000000000201 0.03340947401251628
3884.000000000201 0.03528752136821882
3885.000000000201 0.03711614642509624
3886.0000000002015 0.03894477148198361
3887.000000000202 0.0408228188376961
3888.000000000202 0.042700866193398614
3889.000000000202 0.044529491250276554
3890.0000000002024 0.0463581163071645
3891.000000000203 0.04823616366287698
3892.000000000203 0.05011421101858947
3893.000000000203 0.05199225837430195
3894.0000000002033 0.05387030573000438
3895.0000000002037 0.0556989307868818
3896.0000000002037 0.057527555843769285
3897.0000000002037 0.05940560319948177
3898.000000000204 0.061283650555184165
3899.0000000002046 0.0631122756120621
3900.0000000002046 0.06494090066895017
3901.0000000002046 0.06681894802466265
3902.000000000205 0.068696995380365
3903.0000000002055 0.07052562043724295
3904.0000000002055 0.07235424549413105
3905.0000000002055 0.074232292849843
3906.000000000206 0.07611034020555495
3907.0000000002065 0.07798838756126744
3908.0000000002065 0.07986643491696972
3909.0000000002065 0.08169505997384768
3910.000000000207 0.08352368503073584
3911.0000000002074 0.08540173238644833
3912.0000000002074 0.08727977974215055
3913.0000000002074 0.08910840479902851
3914.000000000208 0.09093702985611209
3915.0000000002083 0.09375410088968002
3916.0000000002083 0.09657117192343302
3917.0000000002083 0.10027784433602344
3918.0000000002087 0.10398451674861388
3919.000000000209 0.10769118916120429
3920.000000000209 0.11139786157379473
3921.000000000209 0.11510453398638516
3922.0000000002096 0.11881120639897559
3923.00000000021 0.12251787881156602
3924.00000000021 0.12622455122415646
3925.00000000021 0.12993122363674584
3926.0000000002105 0.13363789604933518
3927.000000000211 0.1373445684619256
3928.000000000211 0.14105124087451607
3929.000000000211 0.14475791328710647
3930.0000000002115 0.14846458569970739
3931.000000000212 0.15222068041113232
3932.000000000212 0.1559767751225468
3933.000000000212 0.15968344753513725
3934.0000000002124 0.16339011994772767
3935.000000000213 0.16709679236031705
3936.000000000213 0.17080346477290642
3937.000000000213 0.17451013718549685
3938.0000000002133 0.17821680959808728
3939.0000000002137 0.1819234820106777
3940.0000000002137 0.18563015442326813
3941.0000000002137 0.18933682683585856
3942.000000000214 0.19304349924844902
3943.0000000002146 0.19675017166103942
3944.0000000002146 0.20045684407362985
3945.0000000002146 0.20416351648621922
3946.000000000215 0.2078701888988086
3947.0000000002156 0.21157686131139902
3948.0000000002156 0.2152835337240001
3949.0000000002156 0.21903962843542507
3950.000000000216 0.22279572314683935
3951.0000000002165 0.22650239555942978
3952.0000000002165 0.23020906797202023
3953.0000000002165 0.23391574038461066
3954.000000000217 0.2376224127972011
3955.0000000002174 0.2413290852097905
3956.0000000002174 0.24503575762237986
3957.0000000002174 0.2487424300349703
3958.000000000218 0.2524491024475607
3959.0000000002183 0.2561557748601511
3960.0000000002183 0.2598624472727416
3961.0000000002183 0.263569119685332
3962.0000000002187 0.2672757920979224
3963.000000000219 0.27098246451051283
3964.000000000219 0.2746891369231141
3965.000000000219 0.278445231634538
3966.0000000002196 0.282201326345951
3967.00000000022 0.28590799875854145
3968.00000000022 0.28961467117113193
3969.00000000022 0.2933213435837223
3970.0000000002206 0.29702801599631273
3971.000000000221 0.3007346884089032
3972.000000000221 0.30444136082149365
3973.000000000221 0.3081480332340841
3974.0000000002215 0.3118547056466745
3975.000000000222 0.31556137805926393
3976.000000000222 0.31926805047185325
3977.000000000222 0.3229747228844437
3978.0000000002224 0.3266813952970341
3979.000000000223 0.33038806770962453
3980.000000000223 0.334094740122226
3981.000000000223 0.3378508348336509
3982.0000000002233 0.3416069295450649
3983.0000000002237 0.3453136019576553
3984.0000000002237 0.3490202743702458
3985.0000000002237 0.3527269467828351
3986.000000000224 0.3564336191954245
3987.0000000002246 0.36014029160801486
3988.0000000002246 0.3638469640206053
3989.0000000002246 0.3675536364331958
3990.000000000225 0.37126030884578615
3991.0000000002256 0.37496698125837663
3992.0000000002256 0.37867365367096706
3993.0000000002256 0.3823803260835575
3994.000000000226 0.3860869984961479
3995.0000000002265 0.3897936709087373
3996.0000000002265 0.39350034332132666
3997.0000000002265 0.3972070157339171
3998.000000000227 0.40091368814651873
3999.0000000002274 0.4046697828579437
4000.0000000002274 0.40842587756935744
4001.0000000002274 0.41213254998194787
4002.000000000228 0.4158392223945383
4003.0000000002283 0.4195458948071287
4004.0000000002283 0.42325256721971916
4005.0000000002283 0.42695923963230853
4006.0000000002287 0.43066591204489785
4007.000000000229 0.43437258445748833
4008.000000000229 0.4380792568700787
4009.000000000229 0.4417859292826692
4010.0000000002296 0.4454926016952596
4011.00000000023 0.44919927410785
4012.00000000023 0.45290594652044047
4013.00000000023 0.4566126189330309
4014.0000000002306 0.4603192913456327
4015.000000000231 0.4640753860570566
4016.000000000231 0.4678314807684691
4017.000000000231 0.4715381531810595
4018.0000000002315 0.47524482559365
4019.000000000232 0.47895149800624043
4020.000000000232 0.48265817041883086
4021.000000000232 0.4863648428314213
4022.0000000002324 0.4900715152440117
4023.000000000233 0.49377818765660214
4024.000000000233 0.4974848600691925
4025.000000000233 0.5011915324817819
4026.0000000002333 0.5048982048943713
4027.0000000002337 0.5086048773069617
4028.0000000002337 0.5123115497195521
4029.0000000002337 0.5160182221321427
4030.000000000234 0.5197248945447447
4031.0000000002346 0.5234809892561696
4032.0000000002346 0.527237083967583
4033.0000000002346 0.5309437563801733
4034.000000000235 0.5346504287927638
4035.0000000002356 0.5383571012053532
4036.0000000002356 0.5420637736179426
4037.0000000002356 0.5457704460305329
4038.000000000236 0.5494771184431233
4039.0000000002365 0.5531837908557138
4040.0000000002365 0.5568904632683043
4041.0000000002365 0.5605971356808946
4042.000000000237 0.564303808093485
4043.0000000002374 0.5680104805060755
4044.0000000002374 0.571717152918666
4045.0000000002374 0.5754238253312554
4046.000000000238 0.5791304977438447
4047.0000000002383 0.5828371701564351
4048.0000000002383 0.5865438425690374
4049.0000000002383 0.5902999372804623
4050.0000000002387 0.5940560319918754
4051.000000000239 0.597762704404466
4052.000000000239 0.6014693768170564
4053.000000000239 0.6051760492296467
4054.0000000002397 0.6088827216422371
4055.00000000024 0.6125893940548265
4056.00000000024 0.616296066467416
4057.00000000024 0.6200027388800065
4058.0000000002406 0.6237094112925968
4059.000000000241 0.6274160837051872
4060.000000000241 0.6311227561177777
4061.000000000241 0.6348294285303681
4062.0000000002415 0.6385361009429585
4063.000000000242 0.6422427733555489
4064.000000000242 0.6459494457681513
4065.000000000242 0.6497055404795752
4066.0000000002424 0.6534616351909872
4067.000000000243 0.6571683076035776
4068.000000000243 0.660874980016168
4069.000000000243 0.6645816524287584
4070.0000000002433 0.6682883248413489
4071.0000000002437 0.6719949972539393
4072.0000000002437 0.6757016696665298
4073.0000000002437 0.6794083420791202
4074.000000000244 0.6831150144917106
4075.0000000002447 0.6868216869042999
4076.0000000002447 0.6905283593168894
4077.0000000002447 0.6942350317294798
4078.000000000245 0.6979417041420701
4079.0000000002456 0.7016483765546606
4080.0000000002456 0.7053550489672632
4081.0000000002456 0.7091111436786881
4082.000000000246 0.7128672383901009
4083.0000000002465 0.7165739108026914
4084.0000000002465 0.7202805832152819
4085.0000000002465 0.7239872556278711
4086.000000000247 0.7276939280404605
4087.0000000002474 0.731400600453051
4088.0000000002474 0.7351072728656415
4089.0000000002474 0.7388139452782319
4090.000000000248 0.7425206176908222
4091.0000000002483 0.7462272901034127
4092.0000000002483 0.7499339625160032
4093.0000000002483 0.7536406349285937
4094.0000000002487 0.757347307341184
4095.000000000249 0.7610539797537734
4096.000000000249 0.7647606521663628
4097.000000000249 0.7684673245789533
4098.000000000249 0.772173996991556
4099.00000000025 0.7759300917029809
4100.00000000025 0.7796861864143935
4101.00000000025 0.783392858826984
4102.000000000251 0.7870995312395743
4103.000000000251 0.7908062036521648
4104.000000000251 0.7945128760647552
4105.000000000251 0.7982195484773446
4106.000000000251 0.8019262208899339
4107.000000000252 0.8056328933025244
4108.000000000252 0.8093395657151149
4109.000000000252 0.8130462381277053
4110.000000000253 0.8167529105402958
4111.000000000253 0.8204595829528861
4112.000000000253 0.8241662553654765
4113.000000000253 0.8278729277780671
4114.000000000253 0.8315796001906699
4115.000000000254 0.8353356949020939
4116.000000000254 0.8390917896135052
4117.000000000254 0.8427984620260957
4118.000000000255 0.846505134438686
4119.000000000255 0.8502118068512765
4120.000000000255 0.853918479263867
4121.000000000255 0.8576251516764574
4122.000000000255 0.8613318240886945
4123.000000000256 0.8636546721339179
4124.000000000256 0.8659775201790147
4125.000000000256 0.8678061452358923
4126.0000000002565 0.8696347702927824
4127.0000000002565 0.8715128176484949
4128.0000000002565 0.8733908650042074
4129.0000000002565 0.8752689123599199
4130.0000000002565 0.8771469597156195
4131.000000000257 0.8789755847724975
4132.000000000257 0.8808042098293882
4133.000000000257 0.8826822571851007
4134.000000000258 0.8845603045408004
4135.000000000258 0.8863889295976779
4136.000000000258 0.888217554654568
4137.000000000258 0.8900956020102804
4138.000000000258 0.8919736493659802
4139.000000000259 0.8938022744228581
4140.000000000259 0.8956308994797489
4141.000000000259 0.8975089468354615
4142.00000000026 0.8993869941911611
4143.00000000026 0.901215619248039
4144.00000000026 0.9030442443049297
4145.00000000026 0.9049222916606416
4146.00000000026 0.9068003390163536
4147.000000000261 0.9086783863720661
4148.000000000261 0.9105564337277658
4149.000000000261 0.9123850587846437
4150.000000000262 0.9142136838415347
4151.000000000262 0.9160917311972471
4152.000000000262 0.9179697785529466
4153.000000000262 0.9197984036098245
4154.000000000262 0.9216270286667154
4155.000000000263 0.9235050760224274
4156.000000000263 0.9253831233780097
4157.000000000263 0.9267669477453766
4158.000000000264 0.9281507721123795
4159.000000000264 0.9281507721123795
4160.000000000264 0.9281507721123795
4161.000000000264 0.9281507721123795
4162.000000000264 0.9281507721123795
4163.000000000265 0.9281507721123795
4164.000000000265 0.9281507721123795
4165.000000000265 0.9281507721123795
4166.000000000266 0.9281507721123795
4167.000000000266 0.9281507721123795
4168.000000000266 0.9281507721123795
4169.000000000266 0.9281507721123795
4170.000000000266 0.9281507721123795
4171.0000000002665 0.9281507721123795
4172.0000000002665 0.9281507721123795
4173.0000000002665 0.9281507721123795
4174.000000000267 0.9281507721123795
4175.000000000267 0.9281507721123795
4176.000000000267 0.9281507721123795
4177.000000000267 0.9281507721123795
4178.000000000267 0.9281507721123795
4179.000000000268 0.9281507721123795
4180.000000000268 0.9281507721123795
4181.000000000268 0.9281507721123795
4182.000000000269 0.9281507721123795
4183.000000000269 0.9281507721123795
4184.000000000269 0.9281507721123795
4185.000000000269 0.9281507721123795
4186.000000000269 0.9281507721123795
4187.00000000027 0.9281507721123795
4188.00000000027 0.9281507721123795
4189.00000000027 0.9281507721123795
4190.000000000271 0.9281507721123795
4191.000000000271 0.9281507721123795
4192.000000000271 0.9281507721123795
4193.000000000271 0.9281507721123795
4194.000000000271 0.9281507721123795
4195.000000000272 0.9281507721123795
4196.000000000272 0.9281507721123795
4197.000000000272 0.9281507721123795
4198.000000000273 0.9281507721123795
4199.000000000273 0.9281507721123795
4200.000000000273 0.9281507721123795
4201.000000000273 0.9281507721123795
4202.000000000273 0.9281507721123795
4203.000000000274 0.9281507721123795
4204.000000000274 0.9281507721123795
4205.000000000274 0.9281507721123795
4206.000000000275 0.9281507721123795
4207.000000000275 0.9281507721123795
4208.000000000275 0.9281507721123795
4209.000000000275 0.9281507721123795
4210.000000000275 0.9281507721123795
4211.000000000276 0.9281507721123795
4212.000000000276 0.9281507721123795
4213.000000000276 0.9281507721123795
4214.0000000002765 0.9281507721123795
4215.0000000002765 0.9281507721123795
4216.0000000002765 0.9281507721123795
4217.0000000002765 0.9281507721123795
4218.0000000002765 0.9281507721123795
4219.000000000277 0.9281507721123795
4220.000000000277 0.9281507721123795
4221.000000000277 0.9281507721123795
4222.000000000278 0.9281507721123795
4223.000000000278 0.9281507721123795
4224.000000000278 0.9281507721123795
4225.000000000278 0.9281507721123795
4226.000000000278 0.9281507721123795
4227.000000000279 0.9281507721123795
4228.000000000279 0.9281507721123795
4229.000000000279 0.9281507721123795
4230.00000000028 0.9281507721123795
4231.00000000028 0.9281507721123795
4232.00000000028 0.9281507721123795
4233.00000000028 0.9281507721123795
4234.00000000028 0.9281507721123795
4235.000000000281 0.9281507721123795
4236.000000000281 0.9281507721123795
4237.000000000281 0.9281507721123795
4238.000000000282 0.9281507721123795
4239.000000000282 0.9281507721123795
4240.000000000282 0.9281507721123795
4241.000000000282 0.9281507721123795
4242.000000000282 0.9281507721123795
4243.000000000283 0.9281507721123795
4244.000000000283 0.9281507721123795
4245.000000000283 0.9281507721123795
4246.000000000284 0.9281507721123795
4247.000000000284 0.9281507721123795
4248.000000000284 0.9281507721123795
4249.000000000284 0.9281507721123795
4250.000000000284 0.9281507721123795
4251.000000000285 0.9281507721123795
4252.000000000285 0.9281507721123795
4253.000000000285 0.9281507721123795
4254.000000000286 0.9281507721123795
4255.000000000286 0.9281507721123795
4256.000000000286 0.9281507721123795
4257.000000000286 0.9281507721123795
4258.000000000286 0.9281507721123795
4259.0000000002865 0.9281507721123795
4260.0000000002865 0.9281507721123795
4261.0000000002865 0.9281507721123795
4262.000000000287 0.9281507721123795
4263.000000000287 0.9281507721123795
4264.000000000287 0.9281507721123795
4265.000000000287 0.9281507721123795
4266.000000000287 0.9281507721123795
4267.000000000288 0.9281507721123795
4268.000000000288 0.9281507721123795
4269.000000000288 0.9281507721123795
4270.000000000289 0.9281507721123795
4271.000000000289 0.9281507721123795
4272.000000000289 0.9281507721123795
4273.000000000289 0.9281507721123795
4274.000000000289 0.9281507721123795
4275.00000000029 0.9281507721123795
4276.00000000029 0.9281507721123795
4277.00000000029 0.9281507721123795
4278.000000000291 0.9281507721123795
4279.000000000291 0.9281507721123795
4280.000000000291 0.9281507721123795
4281.000000000291 0.9281507721123795
4282.000000000291 0.9281507721123795
4283.000000000292 0.9281507721123795
4284.000000000292 0.9281507721123795
4285.000000000292 0.9281507721123795
4286.000000000293 0.9281507721123795
4287.000000000293 0.9281507721123795
4288.000000000293 0.9281507721123795
4289.000000000293 0.9281507721123795
4290.000000000293 0.9281507721123795
4291.000000000294 0.9281507721123795
4292.000000000294 0.9281507721123795
4293.000000000294 0.9281507721123795
4294.000000000295 0.9281507721123795
4295.000000000295 0.9281507721123795
4296.000000000295 0.9281507721123795
4297.000000000295 0.9281507721123795
4298.000000000295 0.9281507721123795
4299.000000000296 0.9281507721123795
4300.000000000296 0.9281507721123795
4301.000000000296 0.9281507721123795
4302.0000000002965 0.9281507721123795
4303.0000000002965 0.9281507721123795
4304.0000000002965 0.9281507721123795
4305.0000000002965 0.9281507721123795
4306.0000000002965 0.9281507721123795
4307.000000000297 0.9281507721123795
4308.000000000297 0.9281507721123795
4309.000000000297 0.9281507721123795
4310.000000000298 0.9281507721123795
4311.000000000298 0.9281507721123795
4312.000000000298 0.9281507721123795
4313.000000000298 0.9281507721123795
4314.000000000298 0.9281507721123795
4315.000000000299 0.9281507721123795
4316.000000000299 0.9281507721123795
4317.000000000299 0.9281507721123795
4318.0000000003 0.9281507721123795
4319.0000000003 0.9281507721123795
4320.0000000003 0.9281507721123795
4321.0000000003 0.9281507721123795
4322.0000000003 0.9281507721123795
4323.000000000301 0.9281507721123795
4324.000000000301 0.9281507721123795
4325.000000000301 0.9281507721123795
4326.000000000302 0.9281507721123795
4327.000000000302 0.9281507721123795
4328.000000000302 0.9281507721123795
4329.000000000302 0.9281507721123795
4330.000000000302 0.9281507721123795
4331.000000000303 0.9281507721123795
4332.000000000303 0.9281507721123795
4333.000000000303 0.9281507721123795
4334.000000000304 0.9281507721123795
4335.000000000304 0.9281507721123795
4336.000000000304 0.9281507721123795
4337.000000000304 0.9281507721123795
4338.000000000304 0.9281507721123795
4339.000000000305 0.9281507721123795
4340.000000000305 0.9281507721123795
4341.000000000305 0.9281507721123795
4342.000000000306 0.9281507721123795
4343.000000000306 0.9281507721123795
4344.000000000306 0.9281507721123795
4345.000000000306 0.9281507721123795
4346.000000000306 0.9281507721123795
4347.0000000003065 0.9281507721123795
4348.0000000003065 0.9281507721123795
4349.0000000003065 0.9281507721123795
4350.000000000307 0.9281507721123795
4351.000000000307 0.9281507721123795
4352.000000000307 0.9281507721123795
4353.000000000307 0.9281507721123795
4354.000000000307 0.9281507721123795
4355.000000000308 0.9281507721123795
4356.000000000308 0.9281507721123795
4357.000000000308 0.9281507721123795
4358.000000000309 0.9281507721123795
4359.000000000309 0.9281507721123795
4360.000000000309 0.9281507721123795
4361.000000000309 0.9281507721123795
4362.000000000309 0.9281507721123795
4363.00000000031 0.9281507721123795
4364.00000000031 0.9281507721123795
4365.00000000031 0.9281507721123795
4366.000000000311 0.9281507721123795
4367.000000000311 0.9281507721123795
4368.000000000311 0.9281507721123795
4369.000000000311 0.9281507721123795
4370.000000000311 0.9281507721123795
4371.000000000312 0.9281507721123795
4372.000000000312 0.9281507721123795
4373.000000000312 0.9281507721123795
4374.000000000313 0.9281507721123795
4375.000000000313 0.9281507721123795
4376.000000000313 0.9281507721123795
4377.000000000313 0.9281507721123795
4378.000000000313 0.9281507721123795
4379.000000000314 0.9281507721123795
4380.000000000314 0.9281507721123795
4381.000000000314 0.9281507721123795
4382.000000000315 0.9281507721123795
4383.000000000315 0.9281507721123795
4384.000000000315 0.9281507721123795
4385.000000000315 0.9281507721123795
4386.000000000315 0.9281507721123795
4387.000000000316 0.9281507721123795
4388.000000000316 0.9281507721123795
4389.000000000316 0.9281507721123795
4390.0000000003165 0.9281507721123795
4391.0000000003165 0.9281507721123795
4392.0000000003165 0.9281507721123795
4393.0000000003165 0.9281507721123795
4394.0000000003165 0.9281507721123795
4395.000000000317 0.9281507721123795
4396.000000000317 0.9281507721123795
4397.000000000317 0.9281507721123795
4398.000000000318 0.9281507721123795
4399.000000000318 0.9281507721123795
4400.000000000318 0.9281507721123795
4401.000000000318 0.9281507721123795
4402.000000000318 0.9281507721123795
4403.000000000319 0.9281507721123795
4404.000000000319 0.9281507721123795
4405.000000000319 0.9281507721123795
4406.00000000032 0.9281507721123795
4407.00000000032 0.9281507721123795
4408.00000000032 0.9281507721123795
4409.00000000032 0.9281507721123795
4410.00000000032 0.9281507721123795
4411.000000000321 0.9281507721123795
4412.000000000321 0.9281507721123795
4413.000000000321 0.9281507721123795
4414.000000000322 0.9281507721123795
4415.000000000322 0.9281507721123795
4416.000000000322 0.9281507721123795
4417.000000000322 0.9281507721123795
4418.000000000322 0.9281507721123795
4419.000000000323 0.9281507721123795
4420.000000000323 0.9281507721123795
4421.000000000323 0.9281507721123795
4422.000000000324 0.9281507721123795
4423.000000000324 0.9281507721123795
4424.000000000324 0.9281507721123795
4425.000000000324 0.9281507721123795
4426.000000000324 0.9281507721123795
4427.000000000325 0.9281507721123795
4428.000000000325 0.9281507721123795
4429.000000000325 0.9281507721123795
4430.000000000326 0.9281507721123795
4431.000000000326 0.9281507721123795
4432.000000000326 0.9281507721123795
4433.000000000326 0.9281507721123795
4434.000000000326 0.9281507721123795
4435.0000000003265 0.9281507721123795
4436.0000000003265 0.9281507721123795
4437.0000000003265 0.9281507721123795
4438.000000000327 0.9281507721123795
4439.000000000327 0.9281507721123795
4440.000000000327 0.9281507721123795
4441.000000000327 0.9281507721123795
4442.000000000327 0.9281507721123795
4443.000000000328 0.9281507721123795
4444.000000000328 0.9281507721123795
4445.000000000328 0.9281507721123795
4446.000000000329 0.9281507721123795
4447.000000000329 0.9281507721123795
4448.000000000329 0.9281507721123795
4449.000000000329 0.9281507721123795
4450.000000000329 0.9281507721123795
4451.00000000033 0.9281507721123795
4452.00000000033 0.9281507721123795
4453.00000000033 0.9281507721123795
4454.000000000331 0.9281507721123795
4455.000000000331 0.9281507721123795
4456.000000000331 0.9281507721123795
4457.000000000331 0.9281507721123795
4458.000000000331 0.9281507721123795
4459.000000000332 0.9281507721123795
4460.000000000332 0.9281507721123795
4461.000000000332 0.9281507721123795
4462.000000000333 0.9281507721123795
4463.000000000333 0.9281507721123795
4464.000000000333 0.9281507721123795
4465.000000000333 0.9281507721123795
4466.000000000333 0.9281507721123795
4467.000000000334 0.9281507721123795
4468.000000000334 0.9281507721123795
4469.000000000334 0.9281507721123795
4470.000000000335 0.9281507721123795
4471.000000000335 0.9281507721123795
4472.000000000335 0.9281507721123795
4473.000000000335 0.9281507721123795
4474.000000000335 0.9281507721123795
4475.000000000336 0.9281507721123795
4476.000000000336 0.9281507721123795
4477.000000000336 0.9281507721123795
4478.0000000003365 0.9281507721123795
4479.0000000003365 0.9281507721123795
4480.0000000003365 0.9281507721123795
4481.0000000003365 0.9281507721123795
4482.0000000003365 0.9281507721123795
4483.000000000337 0.9281507721123795
4484.000000000337 0.9281507721123795
4485.000000000337 0.9281507721123795
4486.000000000338 0.9281507721123795
4487.000000000338 0.9281507721123795
4488.000000000338 0.9281507721123795
4489.000000000338 0.9281507721123795
4490.000000000338 0.9281507721123795
4491.000000000339 0.9281507721123795
4492.000000000339 0.9281507721123795
4493.000000000339 0.9281507721123795
4494.00000000034 0.9281507721123795
4495.00000000034 0.9281507721123795
4496.00000000034 0.9281507721123795
4497.00000000034 0.9281507721123795
4498.00000000034 0.9281507721123795
4499.000000000341 0.9281507721123795
4500.000000000341 0.9281507721123795
4501.000000000341 0.9281507721123795
4502.000000000342 0.9281507721123795
4503.000000000342 0.9281507721123795
4504.000000000342 0.9281507721123795
4505.000000000342 0.9281507721123795
4506.000000000342 0.9281507721123795
4507.000000000343 0.9281507721123795
4508.000000000343 0.9281507721123795
4509.000000000343 0.9281507721123795
4510.000000000344 0.9281507721123795
4511.000000000344 0.9281507721123795
4512.000000000344 0.9281507721123795
4513.000000000344 0.9281507721123795
4514.000000000344 0.9281507721123795
4515.000000000345 0.9281507721123795
4516.000000000345 0.9281507721123795
4517.000000000345 0.9281507721123795
4518.000000000346 0.9281507721123795
4519.000000000346 0.9281507721123795
4520.000000000346 0.9281507721123795
4521.000000000346 0.9281507721123795
4522.000000000346 0.9281507721123795
4523.0000000003465 0.9281507721123795
4524.0000000003465 0.9281507721123795
4525.0000000003465 0.9281507721123795
4526.000000000347 0.9281507721123795
4527.000000000347 0.9281507721123795
4528.000000000347 0.9281507721123795
4529.000000000347 0.9281507721123795
4530.000000000347 0.9281507721123795
4531.000000000348 0.9281507721123795
4532.000000000348 0.9281507721123795
4533.000000000348 0.9281507721123795
4534.000000000349 0.9281507721123795
4535.000000000349 0.9281507721123795
4536.000000000349 0.9281507721123795
4537.000000000349 0.9281507721123795
4538.000000000349 0.9281507721123795
4539.00000000035 0.9281507721123795
4540.00000000035 0.9281507721123795
4541.00000000035 0.9281507721123795
4542.000000000351 0.9281507721123795
4543.000000000351 0.9281507721123795
4544.000000000351 0.9281507721123795
4545.000000000351 0.9281507721123795
4546.000000000351 0.9281507721123795
4547.000000000352 0.9281507721123795
4548.000000000352 0.9281507721123795
4549.000000000352 0.9281507721123795
4550.000000000353 0.9281507721123795
4551.000000000353 0.9281507721123795
4552.000000000353 0.9281507721123795
4553.000000000353 0.9281507721123795
4554.000000000353 0.9281507721123795
4555.000000000354 0.9281507721123795
4556.000000000354 0.9281507721123795
4557.000000000354 0.9281507721123795
4558.000000000355 0.9281507721123795
4559.000000000355 0.9281507721123795
4560.000000000355 0.9281507721123795
4561.000000000355 0.9281507721123795
4562.000000000355 0.9281507721123795
4563.000000000356 0.9281507721123795
4564.000000000356 0.9281507721123795
4565.000000000356 0.9281507721123795
4566.0000000003565 0.9281507721123795
4567.0000000003565 0.9281507721123795
4568.0000000003565 0.9281507721123795
4569.0000000003565 0.9281507721123795
4570.0000000003565 0.9281507721123795
4571.000000000357 0.9281507721123795
4572.000000000357 0.9281507721123795
4573.000000000357 0.9281507721123795
4574.000000000358 0.9281507721123795
4575.000000000358 0.9281507721123795
4576.000000000358 0.9281507721123795
4577.000000000358 0.9281507721123795
4578.000000000358 0.9281507721123795
4579.000000000359 0.9281507721123795
4580.000000000359 0.9281507721123795
4581.000000000359 0.9281507721123795
4582.00000000036 0.9281507721123795
4583.00000000036 0.9281507721123795
4584.00000000036 0.9281507721123795
4585.00000000036 0.9281507721123795
4586.00000000036 0.9281507721123795
4587.000000000361 0.9281507721123795
4588.000000000361 0.9281507721123795
4589.000000000361 0.9281507721123795
4590.000000000362 0.9281507721123795
4591.000000000362 0.9281507721123795
4592.000000000362 0.9281507721123795
4593.000000000362 0.9281507721123795
4594.000000000362 0.9281507721123795
4595.000000000363 0.9281507721123795
4596.000000000363 0.9281507721123795
4597.000000000363 0.9281507721123795
4598.000000000364 0.9281507721123795
4599.000000000364 0.9281507721123795
4600.000000000364 0.9281507721123795
4601.000000000364 0.9281507721123795
4602.000000000364 0.9281507721123795
4603.000000000365 0.9281507721123795
4604.000000000365 0.9281507721123795
4605.000000000365 0.9281507721123795
4606.000000000366 0.9281507721123795
4607.000000000366 0.9281507721123795
4608.000000000366 0.9281507721123795
4609.000000000366 0.9281507721123795
4610.000000000366 0.9281507721123795
4611.0000000003665 0.9281507721123795
4612.0000000003665 0.9281507721123795
4613.0000000003665 0.9281507721123795
4614.000000000367 0.9281507721123795
4615.000000000367 0.9281507721123795
4616.000000000367 0.9281507721123795
4617.000000000367 0.9281507721123795
4618.000000000367 0.9281507721123795
4619.000000000368 0.9281507721123795
4620.000000000368 0.9281507721123795
4621.000000000368 0.9281507721123795
4622.000000000369 0.9281507721123795
4623.000000000369 0.9281507721123795
4624.000000000369 0.9281507721123795
4625.000000000369 0.9281507721123795
4626.000000000369 0.9281507721123795
4627.00000000037 0.9281507721123795
4628.00000000037 0.9281507721123795
4629.00000000037 0.9281507721123795
4630.000000000371 0.9281507721123795
4631.000000000371 0.9281507721123795
4632.000000000371 0.9281507721123795
4633.000000000371 0.9281507721123795
4634.000000000371 0.9281507721123795
4635.000000000372 0.9281507721123795
4636.000000000372 0.9281507721123795
4637.000000000372 0.9281507721123795
4638.000000000373 0.9281507721123795
4639.000000000373 0.9281507721123795
4640.000000000373 0.9281507721123795
4641.000000000373 0.9281507721123795
4642.000000000373 0.9281507721123795
4643.000000000374 0.9281507721123795
4644.000000000374 0.9281507721123795
4645.000000000374 0.9281507721123795
4646.000000000375 0.9281507721123795
4647.000000000375 0.9281507721123795
4648.000000000375 0.9281507721123795
4649.000000000375 0.9281507721123795
4650.000000000375 0.9281507721123795
4651.000000000376 0.9281507721123795
4652.000000000376 0.9281507721123795
4653.000000000376 0.9281507721123795
4654.0000000003765 0.9281507721123795
4655.0000000003765 0.9281507721123795
4656.0000000003765 0.9281507721123795
4657.0000000003765 0.9281507721123795
4658.0000000003765 0.9281507721123795
4659.000000000377 0.9281507721123795
4660.000000000377 0.9281507721123795
4661.000000000377 0.9281507721123795
4662.000000000378 0.9281507721123795
4663.000000000378 0.9281507721123795
4664.000000000378 0.9281507721123795
4665.000000000378 0.9281507721123795
4666.000000000378 0.9281507721123795
4667.000000000379 0.9281507721123795
4668.000000000379 0.9281507721123795
4669.000000000379 0.9281507721123795
4670.00000000038 0.9281507721123795
4671.00000000038 0.9281507721123795
4672.00000000038 0.9281507721123795
4673.00000000038 0.9281507721123795
4674.00000000038 0.9281507721123795
4675.000000000381 0.9281507721123795
4676.000000000381 0.9281507721123795
4677.000000000381 0.9281507721123795
4678.000000000382 0.9281507721123795
4679.000000000382 0.9281507721123795
4680.000000000382 0.9281507721123795
4681.000000000382 0.9281507721123795
4682.000000000382 0.9281507721123795
4683.000000000383 0.9281507721123795
4684.000000000383 0.9281507721123795
4685.000000000383 0.9281507721123795
4686.000000000384 0.9281507721123795
4687.000000000384 0.9281507721123795
4688.000000000384 0.9281507721123795
4689.000000000384 0.9281507721123795
4690.000000000384 0.9281507721123795
4691.000000000385 0.9281507721123795
4692.000000000385 0.9281507721123795
4693.000000000385 0.9281507721123795
4694.000000000386 0.9281507721123795
4695.000000000386 0.9281507721123795
4696.000000000386 0.9281507721123795
4697.000000000386 0.9281507721123795
4698.000000000386 0.9281507721123795
4699.0000000003865 0.9281507721123795
4700.0000000003865 0.9281507721123795
4701.0000000003865 0.9281507721123795
4702.000000000387 0.9281507721123795
4703.000000000387 0.9281507721123795
4704.000000000387 0.9281507721123795
4705.000000000387 0.9281507721123795
4706.000000000387 0.9281507721123795
4707.000000000388 0.9281507721123795
4708.000000000388 0.9281507721123795
4709.000000000388 0.9281507721123795
4710.000000000389 0.9281507721123795
4711.000000000389 0.9281507721123795
4712.000000000389 0.9281507721123795
4713.000000000389 0.9281507721123795
4714.000000000389 0.9281507721123795
4715.00000000039 0.9281507721123795
4716.00000000039 0.9281507721123795
4717.00000000039 0.9281507721123795
4718.000000000391 0.9281507721123795
4719.000000000391 0.9281507721123795
4720.000000000391 0.9281507721123795
4721.000000000391 0.9281507721123795
4722.000000000391 0.9281507721123795
4723.000000000392 0.9281507721123795
4724.000000000392 0.9281507721123795
4725.000000000392 0.9281507721123795
4726.000000000393 0.9281507721123795
4727.000000000393 0.9281507721123795
4728.000000000393 0.9281507721123795
4729.000000000393 0.9281507721123795
4730.000000000393 0.9281507721123795
4731.000000000394 0.9281507721123795
4732.000000000394 0.9281507721123795
4733.000000000394 0.9281507721123795
4734.000000000395 0.9281507721123795
4735.000000000395 0.9281507721123795
4736.000000000395 0.9281507721123795
4737.000000000395 0.9281507721123795
4738.000000000395 0.9281507721123795
4739.000000000396 0.9281507721123795
4740.000000000396 0.9281507721123795
4741.000000000396 0.9281507721123795
4742.0000000003965 0.9281507721123795
4743.0000000003965 0.9281507721123795
4744.0000000003965 0.9281507721123795
4745.0000000003965 0.9281507721123795
4746.0000000003965 0.9281507721123795
4747.000000000397 0.9281507721123795
4748.000000000397 0.9281507721123795
4749.000000000397 0.9281507721123795
4750.000000000398 0.9281507721123795
4751.000000000398 0.9281507721123795
4752.000000000398 0.9281507721123795
4753.000000000398 0.9281507721123795
4754.000000000398 0.9281507721123795
4755.000000000399 0.9281507721123795
4756.000000000399 0.9281507721123795
4757.000000000399 0.9281507721123795
4758.0000000004 0.9281507721123795
4759.0000000004 0.9281507721123795
4760.0000000004 0.9281507721123795
4761.0000000004 0.9281507721123795
4762.0000000004 0.9281507721123795
4763.000000000401 0.9281507721123795
4764.000000000401 0.9281507721123795
4765.000000000401 0.9281507721123795
4766.000000000402 0.9281507721123795
4767.000000000402 0.9281507721123795
4768.000000000402 0.9281507721123795
4769.000000000402 0.9281507721123795
4770.000000000402 0.9281507721123795
4771.000000000403 0.9281507721123795
4772.000000000403 0.9281507721123795
4773.000000000403 0.9281507721123795
4774.000000000404 0.9281507721123795
4775.000000000404 0.9281507721123795
4776.000000000404 0.9281507721123795
4777.000000000404 0.9281507721123795
4778.000000000404 0.9281507721123795
4779.000000000405 0.9281507721123795
4780.000000000405 0.9281507721123795
4781.000000000405 0.9281507721123795
4782.000000000406 0.9281507721123795
4783.000000000406 0.9281507721123795
4784.000000000406 0.9281507721123795
4785.000000000406 0.9281507721123795
4786.000000000406 0.9281507721123795
4787.0000000004065 0.9281507721123795
4788.0000000004065 0.9281507721123795
4789.0000000004065 0.9281507721123795
4790.000000000407 0.9281507721123795
4791.000000000407 0.9281507721123795
4792.000000000407 0.9281507721123795
4793.000000000407 0.9281507721123795
4794.000000000407 0.9281507721123795
4795.000000000408 0.9281507721123795
4796.000000000408 0.9281507721123795
4797.000000000408 0.9281507721123795
4798.000000000409 0.9281507721123795
4799.000000000409 0.9281507721123795
4800.000000000409 0.9281507721123795
4801.000000000409 0.9281507721123795
4802.000000000409 0.9281507721123795
4803.00000000041 0.9281507721123795
4804.00000000041 0.9281507721123795
4805.00000000041 0.9281507721123795
4806.000000000411 0.9281507721123795
4807.000000000411 0.9281507721123795
4808.000000000411 0.9281507721123795
4809.000000000411 0.9281507721123795
4810.000000000411 0.9281507721123795
4811.000000000412 0.9281507721123795
4812.000000000412 0.9281507721123795
4813.000000000412 0.9281507721123795
4814.000000000413 0.9281507721123795
4815.000000000413 0.9281507721123795
4816.000000000413 0.9281507721123795
4817.000000000413 0.9281507721123795
4818.000000000413 0.9281507721123795
4819.000000000414 0.9281507721123795
4820.000000000414 0.9281507721123795
4821.000000000414 0.9281507721123795
4822.000000000415 0.9281507721123795
4823.000000000415 0.9281507721123795
4824.000000000415 0.9281507721123795
4825.000000000415 0.9281507721123795
4826.000000000415 0.9281507721123795
4827.000000000416 0.9281507721123795
4828.000000000416 0.9281507721123795
4829.000000000416 0.9281507721123795
4830.000000000417 0.9281507721123795
4831.000000000417 0.9281507721123795
4832.000000000417 0.9281507721123795
4833.000000000417 0.9281507721123795
4834.000000000417 0.9281507721123795
4835.0000000004175 0.9281507721123795
4836.0000000004175 0.9281507721123795
4837.0000000004175 0.9281507721123795
4838.000000000418 0.9281507721123795
4839.000000000418 0.9281507721123795
4840.000000000418 0.9281507721123795
4841.000000000418 0.9281507721123795
4842.000000000418 0.9281507721123795
4843.000000000419 0.9281507721123795
4844.000000000419 0.9281507721123795
4845.000000000419 0.9281507721123795
4846.00000000042 0.9281507721123795
4847.00000000042 0.9281507721123795
4848.00000000042 0.9281507721123795
4849.00000000042 0.9281507721123795
4850.00000000042 0.9281507721123795
4851.000000000421 0.9281507721123795
4852.000000000421 0.9281507721123795
4853.000000000421 0.9281507721123795
4854.000000000422 0.9281507721123795
4855.000000000422 0.9281507721123795
4856.000000000422 0.9281507721123795
4857.000000000422 0.9281507721123795
4858.000000000422 0.9281507721123795
4859.000000000423 0.9281507721123795
4860.000000000423 0.9281507721123795
4861.000000000423 0.9281507721123795
4862.000000000424 0.9281507721123795
4863.000000000424 0.9281507721123795
4864.000000000424 0.9281507721123795
4865.000000000424 0.9281507721123795
4866.000000000424 0.9281507721123795
4867.000000000425 0.9281507721123795
4868.000000000425 0.9281507721123795
4869.000000000425 0.9281507721123795
4870.000000000426 0.9281507721123795
4871.000000000426 0.9281507721123795
4872.000000000426 0.9281507721123795
4873.000000000426 0.9281507721123795
4874.000000000426 0.9281507721123795
4875.000000000427 0.9281507721123795
4876.000000000427 0.9281507721123795
4877.000000000427 0.9281507721123795
4878.0000000004275 0.9281507721123795
4879.0000000004275 0.9281507721123795
4880.0000000004275 0.9281507721123795
4881.0000000004275 0.9281507721123795
4882.0000000004275 0.9281507721123795
4883.000000000428 0.9281507721123795
4884.000000000428 0.9281507721123795
4885.000000000428 0.9281507721123795
4886.000000000429 0.9281507721123795
4887.000000000429 0.9281507721123795
4888.000000000429 0.9281507721123795
4889.000000000429 0.9281507721123795
4890.000000000429 0.9281507721123795
4891.00000000043 0.9281507721123795
4892.00000000043 0.9281507721123795
4893.00000000043 0.9281507721123795
4894.000000000431 0.9281507721123795
4895.000000000431 0.9281507721123795
4896.000000000431 0.9281507721123795
4897.000000000431 0.9281507721123795
4898.000000000431 0.9281507721123795
4899.000000000432 0.9281507721123795
4900.000000000432 0.9281507721123795
4901.000000000432 0.9281507721123795
4902.000000000433 0.9281507721123795
4903.000000000433 0.9281507721123795
4904.000000000433 0.9281507721123795
4905.000000000433 0.9281507721123795
4906.000000000433 0.9281507721123795
4907.000000000434 0.9281507721123795
4908.000000000434 0.9281507721123795
4909.000000000434 0.9281507721123795
4910.000000000435 0.9281507721123795
4911.000000000435 0.9281507721123795
4912.000000000435 0.9281507721123795
4913.000000000435 0.9281507721123795
4914.000000000435 0.9281507721123795
4915.000000000436 0.9281507721123795
4916.000000000436 0.9281507721123795
4917.000000000436 0.9281507721123795
4918.000000000437 0.9281507721123795
4919.000000000437 0.9281507721123795
4920.000000000437 0.9281507721123795
4921.000000000437 0.9281507721123795
4922.000000000437 0.9281507721123795
4923.0000000004375 0.9281507721123795
4924.0000000004375 0.9281507721123795
4925.0000000004375 0.9281507721123795
4926.000000000438 0.9281507721123795
4927.000000000438 0.9281507721123795
4928.000000000438 0.9281507721123795
4929.000000000438 0.9281507721123795
4930.000000000438 0.9281507721123795
4931.000000000439 0.9281507721123795
4932.000000000439 0.9281507721123795
4933.000000000439 0.9281507721123795
4934.00000000044 0.9281507721123795
4935.00000000044 0.9281507721123795
4936.00000000044 0.9281507721123795
4937.00000000044 0.9281507721123795
4938.00000000044 0.9281507721123795
4939.000000000441 0.9281507721123795
4940.000000000441 0.9281507721123795
4941.000000000441 0.9281507721123795
4942.000000000442 0.9281507721123795
4943.000000000442 0.9281507721123795
4944.000000000442 0.9281507721123795
4945.000000000442 0.9281507721123795
4946.000000000442 0.9281507721123795
4947.000000000443 0.9281507721123795
4948.000000000443 0.9281507721123795
4949.000000000443 0.9281507721123795
4950.000000000444 0.9281507721123795
4951.000000000444 0.9281507721123795
4952.000000000444 0.9281507721123795
4953.000000000444 0.9281507721123795
4954.000000000444 0.9281507721123795
4955.000000000445 0.9281507721123795
4956.000000000445 0.9281507721123795
4957.000000000445 0.9281507721123795
4958.000000000446 0.9281507721123795
4959.000000000446 0.9281507721123795
4960.000000000446 0.9281507721123795
4961.000000000446 0.9281507721123795
4962.000000000446 0.9281507721123795
4963.000000000447 0.9281507721123795
4964.000000000447 0.9281507721123795
4965.000000000447 0.9281507721123795
4966.0000000004475 0.9281507721123795
4967.0000000004475 0.9281507721123795
4968.0000000004475 0.9281507721123795
4969.0000000004475 0.9281507721123795
4970.0000000004475 0.9281507721123795
4971.000000000448 0.9281507721123795
4972.000000000448 0.9281507721123795
4973.000000000448 0.9281507721123795
4974.000000000449 0.9281507721123795
4975.000000000449 0.9281507721123795
4976.000000000449 0.9281507721123795
4977.000000000449 0.9281507721123795
4978.000000000449 0.9281507721123795
4979.00000000045 0.9281507721123795
4980.00000000045 0.9281507721123795
4981.00000000045 0.9281507721123795
4982.000000000451 0.9281507721123795
4983.000000000451 0.9281507721123795
4984.000000000451 0.9281507721123795
4985.000000000451 0.9281507721123795
4986.000000000451 0.9281507721123795
4987.000000000452 0.9281507721123795
4988.000000000452 0.9281507721123795
4989.000000000452 0.9281507721123795
4990.000000000453 0.9281507721123795
4991.000000000453 0.9281507721123795
4992.000000000453 0.9281507721123795
4993.000000000453 0.9281507721123795
4994.000000000453 0.9281507721123795
4995.000000000454 0.9281507721123795
4996.000000000454 0.9281507721123795
4997.000000000454 0.9281507721123795
4998.000000000455 0.9281507721123795
4999.000000000455 0.9281507721123795
5000.000000000455 0.9281507721123795
5001.000000000455 0.9281507721123795
5002.000000000455 0.9281507721123795
5003.000000000456 0.9281507721123795
5004.000000000456 0.9281507721123795
5005.000000000456 0.9281507721123795
5006.000000000457 0.9281507721123795
5007.000000000457 0.9281507721123795
5008.000000000457 0.9281507721123795
5009.000000000457 0.9281507721123795
5010.000000000457 0.9281507721123795
5011.0000000004575 0.9281507721123795
5012.0000000004575 0.9281507721123795
5013.0000000004575 0.9281507721123795
5014.000000000458 0.9281507721123795
5015.000000000458 0.9281507721123795
5016.000000000458 0.9281507721123795
5017.000000000458 0.9281507721123795
5018.000000000458 0.9281507721123795
5019.000000000459 0.9281507721123795
5020.000000000459 0.9281507721123795
5021.000000000459 0.9281507721123795
5022.00000000046 0.9281507721123795
5023.00000000046 0.9281507721123795
5024.00000000046 0.9281507721123795
5025.00000000046 0.9281507721123795
5026.00000000046 0.9281507721123795
5027.000000000461 0.9281507721123795
5028.000000000461 0.9281507721123795
5029.000000000461 0.9281507721123795
5030.000000000462 0.9281507721123795
5031.000000000462 0.9281507721123795
5032.000000000462 0.9281507721123795
5033.000000000462 0.9281507721123795
5034.000000000462 0.9281507721123795
5035.000000000463 0.9281507721123795
5036.000000000463 0.9281507721123795
5037.000000000463 0.9281507721123795
5038.000000000464 0.9281507721123795
5039.000000000464 0.9281507721123795
5040.000000000464 0.9281507721123795
5041.000000000464 0.9281507721123795
5042.000000000464 0.9281507721123795
5043.000000000465 0.9281507721123795
5044.000000000465 0.9281507721123795
5045.000000000465 0.9281507721123795
5046.000000000466 0.9281507721123795
5047.000000000466 0.9281507721123795
5048.000000000466 0.9281507721123795
5049.000000000466 0.9281507721123795
5050.000000000466 0.9281507721123795
5051.000000000467 0.9281507721123795
5052.000000000467 0.9281507721123795
5053.000000000467 0.9281507721123795
5054.0000000004675 0.9281507721123795
5055.0000000004675 0.9281507721123795
5056.0000000004675 0.9281507721123795
5057.0000000004675 0.9281507721123795
5058.0000000004675 0.9281507721123795
5059.000000000468 0.9281507721123795
5060.000000000468 0.9281507721123795
5061.000000000468 0.9281507721123795
5062.000000000469 0.9281507721123795
5063.000000000469 0.9281507721123795
5064.000000000469 0.9281507721123795
5065.000000000469 0.9281507721123795
5066.000000000469 0.9281507721123795
5067.00000000047 0.9281507721123795
5068.00000000047 0.9281507721123795
5069.00000000047 0.9281507721123795
5070.000000000471 0.9281507721123795
5071.000000000471 0.9281507721123795
5072.000000000471 0.9281507721123795
5073.000000000471 0.9281507721123795
5074.000000000471 0.9281507721123795
5075.000000000472 0.9281507721123795
5076.000000000472 0.9281507721123795
5077.000000000472 0.9281507721123795
5078.000000000473 0.9281507721123795
5079.000000000473 0.9281507721123795
5080.000000000473 0.9281507721123795
5081.000000000473 0.9281507721123795
5082.000000000473 0.9281507721123795
5083.000000000474 0.9281507721123795
5084.000000000474 0.9281507721123795
5085.000000000474 0.9281507721123795
5086.000000000475 0.9281507721123795
5087.000000000475 0.9281507721123795
5088.000000000475 0.9281507721123795
5089.000000000475 0.9281507721123795
5090.000000000475 0.9281507721123795
5091.000000000476 0.9281507721123795
5092.000000000476 0.9281507721123795
5093.000000000476 0.9281507721123795
5094.000000000477 0.9281507721123795
5095.000000000477 0.9281507721123795
5096.000000000477 0.9281507721123795
5097.000000000477 0.9281507721123795
5098.000000000477 0.9281507721123795
5099.0000000004775 0.9281507721123795
5100.0000000004775 0.9281507721123795
5101.0000000004775 0.9281507721123795
5102.000000000478 0.9281507721123795
5103.000000000478 0.9281507721123795
5104.000000000478 0.9281507721123795
5105.000000000478 0.9281507721123795
5106.000000000478 0.9281507721123795
5107.000000000479 0.9281507721123795
5108.000000000479 0.9281507721123795
5109.000000000479 0.9281507721123795
5110.00000000048 0.9281507721123795
5111.00000000048 0.9281507721123795
5112.00000000048 0.9281507721123795
5113.00000000048 0.9281507721123795
5114.00000000048 0.9281507721123795
5115.000000000481 0.9281507721123795
5116.000000000481 0.9281507721123795
5117.000000000481 0.9281507721123795
5118.000000000482 0.9281507721123795
5119.000000000482 0.9281507721123795
5120.000000000482 0.9281507721123795
5121.000000000482 0.9281507721123795
5122.000000000482 0.9281507721123795
5123.000000000483 0.9281507721123795
5124.000000000483 0.9281507721123795
5125.000000000483 0.9281507721123795
5126.000000000484 0.9281507721123795
5127.000000000484 0.9281507721123795
5128.000000000484 0.9281507721123795
5129.000000000484 0.9281507721123795
5130.000000000484 0.9281507721123795
5131.000000000485 0.9281507721123795
5132.000000000485 0.9281507721123795
5133.000000000485 0.9281507721123795
5134.000000000486 0.9281507721123795
5135.000000000486 0.9281507721123795
5136.000000000486 0.9281507721123795
5137.000000000486 0.9281507721123795
5138.000000000486 0.9281507721123795
5139.000000000487 0.9281507721123795
5140.000000000487 0.9281507721123795
5141.000000000487 0.9281507721123795
5142.0000000004875 0.9281507721123795
5143.0000000004875 0.9281507721123795
5144.0000000004875 0.9281507721123795
5145.0000000004875 0.9281507721123795
5146.0000000004875 0.9281507721123795
5147.000000000488 0.9281507721123795
5148.000000000488 0.9281507721123795
5149.000000000488 0.9281507721123795
5150.000000000489 0.9281507721123795
5151.000000000489 0.9281507721123795
5152.000000000489 0.9281507721123795
5153.000000000489 0.9281507721123795
5154.000000000489 0.9281507721123795
5155.00000000049 0.9281507721123795
5156.00000000049 0.9281507721123795
5157.00000000049 0.9281507721123795
5158.000000000491 0.9281507721123795
5159.000000000491 0.9281507721123795
5160.000000000491 0.9281507721123795
5161.000000000491 0.9281507721123795
5162.000000000491 0.9281507721123795
5163.000000000492 0.9281507721123795
5164.000000000492 0.9281507721123795
5165.000000000492 0.9281507721123795
5166.000000000493 0.9281507721123795
5167.000000000493 0.9281507721123795
5168.000000000493 0.9281507721123795
5169.000000000493 0.9281507721123795
5170.000000000493 0.9281507721123795
5171.000000000494 0.9281507721123795
5172.000000000494 0.9281507721123795
5173.000000000494 0.9281507721123795
5174.000000000495 0.9281507721123795
5175.000000000495 0.9281507721123795
5176.000000000495 0.9281507721123795
5177.000000000495 0.9281507721123795
5178.000000000495 0.9281507721123795
5179.000000000496 0.9281507721123795
5180.000000000496 0.9281507721123795
5181.000000000496 0.9281507721123795
5182.000000000497 0.9281507721123795
5183.000000000497 0.9281507721123795
5184.000000000497 0.9281507721123795
5185.000000000497 0.9281507721123795
5186.000000000497 0.9281507721123795
5187.0000000004975 0.9281507721123795
5188.0000000004975 0.9281507721123795
5189.0000000004975 0.9281507721123795
5190.000000000498 0.9281507721123795
5191.000000000498 0.9281507721123795
5192.000000000498 0.9281507721123795
5193.000000000498 0.9281507721123795
5194.000000000498 0.9281507721123795
5195.000000000499 0.9281507721123795
5196.000000000499 0.9281507721123795
5197.000000000499 0.9281507721123795
5198.0000000005 0.9281507721123795
5199.0000000005 0.9281507721123795
5200.0000000005 0.9281507721123795
5201.0000000005 0.9281507721123795
5202.0000000005 0.9281507721123795
5203.000000000501 0.9281507721123795
5204.000000000501 0.9281507721123795
5205.000000000501 0.9281507721123795
5206.000000000502 0.9281507721123795
5207.000000000502 0.9281507721123795
5208.000000000502 0.9281507721123795
5209.000000000502 0.9281507721123795
5210.000000000502 0.9281507721123795
5211.000000000503 0.9281507721123795
5212.000000000503 0.9281507721123795
5213.000000000503 0.9281507721123795
5214.000000000504 0.9281507721123795
5215.000000000504 0.9281507721123795
5216.000000000504 0.9281507721123795
5217.000000000504 0.9281507721123795
5218.000000000504 0.9281507721123795
5219.000000000505 0.9281507721123795
5220.000000000505 0.9281507721123795
5221.000000000505 0.9281507721123795
5222.000000000506 0.9281507721123795
5223.000000000506 0.9281507721123795
5224.000000000506 0.9281507721123795
5225.000000000506 0.9281507721123795
5226.000000000506 0.9281507721123795
5227.000000000507 0.9281507721123795
5228.000000000507 0.9281507721123795
5229.000000000507 0.9281507721123795
5230.0000000005075 0.9281507721123795
5231.0000000005075 0.9281507721123795
5232.0000000005075 0.9281507721123795
5233.0000000005075 0.9281507721123795
5234.0000000005075 0.9281507721123795
5235.000000000508 0.9281507721123795
5236.000000000508 0.9281507721123795
5237.000000000508 0.9281507721123795
5238.000000000509 0.9281507721123795
5239.000000000509 0.9281507721123795
5240.000000000509 0.9281507721123795
5241.000000000509 0.9281507721123795
5242.000000000509 0.9281507721123795
5243.00000000051 0.9281507721123795
5244.00000000051 0.9281507721123795
5245.00000000051 0.9281507721123795
5246.000000000511 0.9281507721123795
5247.000000000511 0.9281507721123795
5248.000000000511 0.9281507721123795
5249.000000000511 0.9281507721123795
5250.000000000511 0.9281507721123795
5251.000000000512 0.9281507721123795
5252.000000000512 0.9281507721123795
5253.000000000512 0.9281507721123795
5254.000000000513 0.9281507721123795
5255.000000000513 0.9281507721123795
5256.000000000513 0.9281507721123795
5257.000000000513 0.9281507721123795
5258.000000000513 0.9281507721123795
5259.000000000514 0.9281507721123795
5260.000000000514 0.9281507721123795
5261.000000000514 0.9281507721123795
5262.000000000515 0.9281507721123795
5263.000000000515 0.9281507721123795
5264.000000000515 0.9281507721123795
5265.000000000515 0.9281507721123795
5266.000000000515 0.9281507721123795
5267.000000000516 0.9281507721123795
5268.000000000516 0.9281507721123795
5269.000000000516 0.9281507721123795
5270.000000000517 0.9281507721123795
5271.000000000517 0.9281507721123795
5272.000000000517 0.9281507721123795
5273.000000000517 0.9281507721123795
5274.000000000517 0.9281507721123795
5275.0000000005175 0.9281507721123795
5276.0000000005175 0.9281507721123795
5277.0000000005175 0.9281507721123795
5278.000000000518 0.9281507721123795
5279.000000000518 0.9281507721123795
5280.000000000518 0.9281507721123795
5281.000000000518 0.9281507721123795
5282.000000000518 0.9281507721123795
5283.000000000519 0.9281507721123795
5284.000000000519 0.9281507721123795
5285.000000000519 0.9281507721123795
5286.00000000052 0.9281507721123795
5287.00000000052 0.9281507721123795
5288.00000000052 0.9281507721123795
5289.00000000052 0.9281507721123795
5290.00000000052 0.9281507721123795
5291.000000000521 0.9281507721123795
5292.000000000521 0.9281507721123795
5293.000000000521 0.9281507721123795
5294.000000000522 0.9281507721123795
5295.000000000522 0.9281507721123795
5296.000000000522 0.9281507721123795
5297.000000000522 0.9281507721123795
5298.000000000522 0.9281507721123795
5299.000000000523 0.9281507721123795
5300.000000000523 0.9281507721123795
5301.000000000523 0.9281507721123795
5302.000000000524 0.9281507721123795
5303.000000000524 0.9281507721123795
5304.000000000524 0.9281507721123795
5305.000000000524 0.9281507721123795
5306.000000000524 0.9281507721123795
5307.000000000525 0.9281507721123795
5308.000000000525 0.9281507721123795
5309.000000000525 0.9281507721123795
5310.000000000526 0.9281507721123795
5311.000000000526 0.9281507721123795
5312.000000000526 0.9281507721123795
5313.000000000526 0.9281507721123795
5314.000000000526 0.9281507721123795
5315.000000000527 0.9281507721123795
5316.000000000527 0.9281507721123795
5317.000000000527 0.9281507721123795
5318.0000000005275 0.9281507721123795
5319.0000000005275 0.9281507721123795
5320.0000000005275 0.9281507721123795
5321.0000000005275 0.9281507721123795
5322.0000000005275 0.9281507721123795
5323.000000000528 0.9281507721123795
5324.000000000528 0.9281507721123795
5325.000000000528 0.9281507721123795
5326.000000000529 0.9281507721123795
5327.000000000529 0.9281507721123795
5328.000000000529 0.9281507721123795
5329.000000000529 0.9281507721123795
5330.000000000529 0.9281507721123795
5331.00000000053 0.9281507721123795
5332.00000000053 0.9281507721123795
5333.00000000053 0.9281507721123795
5334.000000000531 0.9281507721123795
5335.000000000531 0.9281507721123795
5336.000000000531 0.9281507721123795
5337.000000000531 0.9281507721123795
5338.000000000531 0.9281507721123795
5339.000000000532 0.9281507721123795
5340.000000000532 0.9281507721123795
5341.000000000532 0.9281507721123795
5342.000000000533 0.9281507721123795
5343.000000000533 0.9281507721123795
5344.000000000533 0.9281507721123795
5345.000000000533 0.9281507721123795
5346.000000000533 0.9281507721123795
5347.000000000534 0.9281507721123795
5348.000000000534 0.9281507721123795
5349.000000000534 0.9281507721123795
5350.000000000535 0.9281507721123795
5351.000000000535 0.9281507721123795
5352.000000000535 0.9281507721123795
5353.000000000535 0.9281507721123795
5354.000000000535 0.9281507721123795
5355.000000000536 0.9281507721123795
5356.000000000536 0.9281507721123795
5357.000000000536 0.9281507721123795
5358.000000000537 0.9281507721123795
5359.000000000537 0.9281507721123795
5360.000000000537 0.9281507721123795
5361.000000000537 0.9281507721123795
5362.000000000537 0.9281507721123795
5363.0000000005375 0.9281507721123795
5364.0000000005375 0.9281507721123795
5365.0000000005375 0.9281507721123795
5366.000000000538 0.9281507721123795
5367.000000000538 0.9281507721123795
5368.000000000538 0.9281507721123795
5369.000000000538 0.9281507721123795
5370.000000000538 0.9281507721123795
5371.000000000539 0.9281507721123795
5372.000000000539 0.9281507721116338
5373.000000000539 0.9267669477442664
5374.00000000054 0.9253831233766854
5375.00000000054 0.9236039206186425
5376.00000000054 0.9218247178605729
5377.00000000054 0.9199960928036943
5378.00000000054 0.9181674677468159
5379.000000000541 0.9163388426899385
5380.000000000541 0.9145102176330612
5381.000000000541 0.9126815925761838
5382.000000000542 0.9108529675193062
5383.000000000542 0.9090243424624277
5384.000000000542 0.907195717405576
5385.000000000542 0.9054165146475331
5386.000000000542 0.9036373118894635
5387.000000000543 0.901808686832585
5388.000000000543 0.8999800617757066
5389.000000000543 0.8981514367188291
5390.000000000544 0.8963228116619518
5391.000000000544 0.8944941866050744
5392.000000000544 0.8926655615481969
5393.000000000544 0.8908369364913183
5394.000000000544 0.8890083114344668
5395.000000000545 0.887229108676424
5396.000000000545 0.8854499059183543
5397.000000000545 0.8836212808614756
5398.000000000546 0.8817926558045972
5399.000000000546 0.8799640307477198
5400.000000000546 0.8781354056908424
5401.000000000546 0.8763067806339649
5402.000000000546 0.8744781555770875
5403.000000000547 0.872649530520209
5404.000000000547 0.8708209054633576
5405.000000000547 0.8690417027053147
5406.0000000005475 0.8672624999472448
5407.0000000005475 0.8654338748903663
5408.0000000005475 0.8636052498334879
5409.0000000005475 0.8617766247766104
5410.0000000005475 0.859947999719733
5411.000000000548 0.8581193746628556
5412.000000000548 0.8562907496052198
5413.000000000548 0.8530783001809739
5414.000000000549 0.8498658507564837
5415.000000000549 0.846208600642729
5416.000000000549 0.8425513505289469
5417.000000000549 0.8388446781163554
5418.000000000549 0.835138005703791
5419.00000000055 0.8314807555900363
5420.00000000055 0.8278235054762814
5421.00000000055 0.8241662553625265
5422.000000000551 0.8205090052487444
5423.000000000551 0.816802332836153
5424.000000000551 0.8130956604235887
5425.000000000551 0.809438410309834
5426.000000000551 0.8057811601960791
5427.000000000552 0.8021239100823221
5428.000000000552 0.7984666599685379
5429.000000000552 0.7947599875559486
5430.000000000553 0.7910533151433865
5431.000000000553 0.7873960650296317
5432.000000000553 0.7837388149158768
5433.000000000553 0.7800815648021199
5434.000000000553 0.7764243146883355
5435.000000000554 0.7727176422757462
5436.000000000554 0.7690109698631843
5437.000000000554 0.7653537197494273
5438.000000000555 0.7616964696356703
5439.000000000555 0.7580392195219154
5440.000000000555 0.7543819694081332
5441.000000000555 0.7506752969955438
5442.000000000555 0.746968624582982
5443.000000000556 0.743311374469225
5444.000000000556 0.7396541243554404
5445.000000000556 0.7359474519428512
5446.000000000557 0.7322407795302893
5447.000000000557 0.7285835294165324
5448.000000000557 0.7249262793027754
5449.000000000557 0.7212690291890206
5450.000000000557 0.7176117790752382
5451.0000000005575 0.7139051066626488
5452.0000000005575 0.710198434250087
5453.0000000005575 0.70654118413633
5454.000000000558 0.7028839340225731
5455.000000000558 0.6992266839088181
5456.000000000558 0.6955694337950359
5457.000000000558 0.6918627613824444
5458.000000000558 0.6881560889698806
5459.000000000559 0.6844988388561256
5460.000000000559 0.6808415887423708
5461.000000000559 0.6771843386286159
5462.00000000056 0.6735270885148334
5463.00000000056 0.6698204161022421
5464.00000000056 0.6661137436896782
5465.00000000056 0.6624564935759233
5466.00000000056 0.6587992434621408
5467.000000000561 0.6550925710495493
5468.000000000561 0.6513858986369856
5469.000000000561 0.6477286485232306
5470.000000000562 0.6440713984094758
5471.000000000562 0.640414148295721
5472.000000000562 0.6367568981819384
5473.000000000562 0.633050225769347
5474.000000000562 0.6293435533567833
5475.000000000563 0.6256863032430283
5476.000000000563 0.6220290531292735
5477.000000000563 0.6183718030155166
5478.000000000564 0.6147145529017319
5479.000000000564 0.6110078804891425
5480.000000000564 0.607301208076581
5481.000000000564 0.6036439579628261
5482.000000000564 0.5999867078490713
5483.000000000565 0.5963294577353143
5484.000000000565 0.5926722076215295
5485.000000000565 0.58896553520894
5486.000000000566 0.5852588627963786
5487.000000000566 0.5816016126826217
5488.000000000566 0.5779443625688369
5489.000000000566 0.5742376901562474
5490.000000000566 0.5705310177436861
5491.000000000567 0.5668737676299312
5492.000000000567 0.5632165175161763
5493.000000000567 0.5595592674024193
5494.0000000005675 0.5559020172886344
5495.0000000005675 0.552195344876045
5496.0000000005675 0.5484886724634837
5497.0000000005675 0.5448314223497267
5498.0000000005675 0.5411741722359699
5499.000000000568 0.537516922122215
5500.000000000568 0.5338596720084321
5501.000000000568 0.5301529995958427
5502.000000000569 0.5264463271832814
5503.000000000569 0.5227890770695245
5504.000000000569 0.5191318269557675
5505.000000000569 0.5154745768420128
5506.000000000569 0.5118173267282298
5507.00000000057 0.5081106543156382
5508.00000000057 0.5044039819030749
5509.00000000057 0.5007467317893202
5510.000000000571 0.49708948167556527
5511.000000000571 0.49343223156181043
5512.000000000571 0.48977498144802734
5513.000000000571 0.4860683090354359
5514.000000000571 0.4823616366228726
5515.000000000572 0.47870438650911784
5516.000000000572 0.47504713639533475
5517.000000000572 0.47134046398274326
5518.000000000573 0.46763379157018004
5519.000000000573 0.4639765414564252
5520.000000000573 0.46031929134267036
5521.000000000573 0.45666204122891546
5522.000000000573 0.4530047911151323
5523.000000000574 0.4492981187025408
5524.000000000574 0.4455914462899777
5525.000000000574 0.44193419617622287
5526.000000000575 0.43827694606246803
5527.000000000575 0.43461969594871114
5528.000000000575 0.4309624458349257
5529.000000000575 0.4272557734223364
5530.000000000575 0.4235491010097754
5531.000000000576 0.41989185089602055
5532.000000000576 0.41623460078226565
5533.000000000576 0.41257735066850876
5534.000000000577 0.4089201005547234
5535.000000000577 0.405213428142134
5536.000000000577 0.4015067557295731
5537.000000000577 0.39784950561581617
5538.000000000577 0.39419225550203074
5539.0000000005775 0.3904855830894413
5540.0000000005775 0.38677891067688047
5541.0000000005775 0.3831216605631257
5542.000000000578 0.37946441044937085
5543.000000000578 0.37580716033561384
5544.000000000578 0.37214991022182836
5545.000000000578 0.36844323780923893
5546.000000000578 0.3647365653966782
5547.000000000579 0.36107931528292125
5548.000000000579 0.3574220651691643
5549.000000000579 0.35376481505540947
5550.00000000058 0.350107564941626
5551.00000000058 0.34640089252903666
5552.00000000058 0.3426942201164759
5553.00000000058 0.339036970002719
5554.00000000058 0.335379719888962
5555.000000000581 0.33172246977520714
5556.000000000581 0.3280652196614236
5557.000000000581 0.3243585472488321
5558.000000000582 0.32065187483626945
5559.000000000582 0.31699462472251455
5560.000000000582 0.31333737460873096
5561.000000000582 0.3096307021961416
5562.000000000582 0.30592402978358096
5563.000000000583 0.302266779669824
5564.000000000583 0.29860952955606707
5565.000000000583 0.2949522794423123
5566.000000000584 0.29129502932852863
5567.000000000584 0.28758835691593715
5568.000000000584 0.2838816845033745
5569.000000000584 0.2802244343896197
5570.000000000584 0.2765671842758648
5571.000000000585 0.27290993416210996
5572.000000000585 0.2692526840483262
5573.000000000585 0.2655460116357347
5574.000000000586 0.2618393392231722
5575.000000000586 0.25818208910941737
5576.000000000586 0.2545248389956625
5577.000000000586 0.2508675888819056
5578.000000000586 0.24721033876811963
5579.000000000587 0.24350366635553028
5580.000000000587 0.23979699394296988
5581.000000000587 0.23613974382921502
5582.0000000005875 0.23248249371546018
5583.0000000005875 0.22882524360170325
5584.0000000005875 0.22516799348791727
5585.0000000005875 0.2214613210753279
5586.0000000005875 0.21775464866276759
5587.000000000588 0.21409739854901064
5588.000000000588 0.2104401484352246
5589.000000000588 0.20673347602263523
5590.000000000589 0.20302680361007497
5591.000000000589 0.19936955349632013
5592.000000000589 0.19571230338256526
5593.000000000589 0.19205505326880834
5594.000000000589 0.18839780315502225
5595.00000000059 0.18469113074243287
5596.00000000059 0.18098445832987267
5597.00000000059 0.17732720821611575
5598.000000000591 0.1736699581023588
5599.000000000591 0.17001270798860393
5600.000000000591 0.1663554578748199
5601.000000000591 0.1626487854622305
5602.000000000591 0.15894211304967035
5603.000000000592 0.15528486293591343
5604.000000000592 0.15162761282215648
5605.000000000592 0.14797036270840164
5606.000000000593 0.1443131125946175
5607.000000000593 0.14060644018202603
5608.000000000593 0.1368997677694639
5609.000000000593 0.13324251765570905
5610.000000000593 0.12958526754192484
5611.000000000594 0.12587859512933547
5612.000000000594 0.12217192271677543
5613.000000000594 0.1185146726030185
5614.000000000595 0.11485742248926158
5615.000000000595 0.11120017237550671
5616.000000000595 0.10754292226172248
5617.000000000595 0.103836249849131
5618.000000000595 0.10012957743656897
5619.000000000596 0.0964723273228141
5620.000000000596 0.09281507721011915
5621.000000000596 0.09093702985440721
5622.000000000597 0.08905898249872471
5623.000000000597 0.08723035744184623
5624.000000000597 0.08540173238493828
5625.000000000597 0.08352368502922634
5626.000000000597 0.08164563767354388
5627.0000000005975 0.0798170126166654
5628.0000000005975 0.07798838755975739
5629.0000000005975 0.07611034020404545
5630.000000000598 0.07423229284836305
5631.000000000598 0.07240366779148562
5632.000000000598 0.07057504273457865
5633.000000000598 0.06869699537886563
5634.000000000598 0.06681894802318221
5635.000000000599 0.0649903229663048
5636.000000000599 0.06316169790939777
5637.000000000599 0.06128365055368474
5638.0000000006 0.059405603197971724
5639.0000000006 0.05752755584225978
5640.0000000006 0.055649508486577494
5641.0000000006 0.05382088342970007
5642.0000000006 0.05199225837279298
5643.000000000601 0.050114211017079954
5644.000000000601 0.048236163661396665
5645.000000000601 0.04640753860451923
5646.000000000602 0.044578913547612085
5647.000000000602 0.04270086619189908
5648.000000000602 0.040822818836215836
5649.000000000602 0.03899419377933841
5650.000000000602 0.0371655687224312
5651.000000000603 0.035287521366719254
5652.000000000603 0.0334094740110073
5653.000000000603 0.03153142665529428
5654.000000000604 0.029653379299611104
5655.000000000604 0.027824754242733677
5656.000000000604 0.02599612918582642
5657.000000000604 0.0241180818301134
5658.000000000604 0.02224003447443027
5659.000000000605 0.02041140941755285
5660.000000000605 0.018582784360645532
5661.000000000605 0.016704737004933582
5662.000000000606 0.014826689649251523
5663.000000000606 0.012998064592373057
5664.000000000606 0.011169439535464646
5665.000000000606 0.009291392179752696
5666.000000000606 0.007413344824070693
5667.000000000607 0.005584719767192229
5668.000000000607 0.003756094710283761
5669.000000000607 0.0018780473545718106
5670.0000000006075 0.0
5671.0000000006075 0.0
5672.0000000006075 0.0
5673.0000000006075 0.0
5674.0000000006075 0.0
5675.000000000608 0.0
5676.000000000608 0.0
5677.000000000608 0.0
5678.000000000609 0.0
5679.000000000609 0.0
5680.000000000609 0.0
5681.000000000609 0.0
5682.000000000609 0.0
5683.00000000061 0.0
5684.00000000061 0.0
5685.00000000061 0.0
5686.000000000611 0.0
5687.000000000611 0.0
5688.000000000611 0.0
5689.000000000611 0.0
5690.000000000611 0.0
5691.000000000612 0.0
5692.000000000612 0.0
5693.000000000612 0.0
5694.000000000613 0.0
5695.000000000613 0.0
5696.000000000613 0.0
5697.000000000613 0.0
5698.000000000613 0.0
5699.000000000614 0.0
5700.000000000614 0.0
5701.000000000614 0.0
5702.000000000615 0.0
5703.000000000615 0.0
5704.000000000615 0.0
5705.000000000615 0.0
5706.000000000615 0.0
5707.000000000616 0.0
5708.000000000616 0.0
5709.000000000616 0.0
5710.000000000617 0.0
5711.000000000617 0.0
5712.000000000617 0.0
5713.000000000617 0.0
5714.000000000617 0.0
5715.000000000618 0.0
5716.000000000618 0.0
5717.000000000618 0.0
5718.0000000006185 0.0
5719.0000000006185 0.0
5720.0000000006185 0.0
5721.0000000006185 0.0
5722.0000000006185 0.0
5723.000000000619 0.0
5724.000000000619 0.0
5725.000000000619 0.0
5726.00000000062 0.0
5727.00000000062 0.0
