6720.000000000846 0.0
6721.000000000846 0.0
6722.000000000846 0.0
6723.000000000847 0.0
6724.000000000847 0.0
6725.000000000847 0.0
6726.000000000848 0.0
6727.000000000848 0.0
6728.000000000848 0.0
6729.000000000848 0.0
6730.000000000848 0.0
6731.000000000849 0.0
6732.000000000849 0.0
6733.000000000849 0.0
6734.0000000008495 0.0
6735.0000000008495 0.0
6736.0000000008495 0.0
6737.0000000008495 0.0
6738.0000000008495 0.0
6739.00000000085 0.0
6740.00000000085 0.0
6741.00000000085 0.0
6742.000000000851 0.0
6743.000000000851 0.0
6744.000000000851 0.0
6745.000000000851 0.0
6746.000000000851 0.0
6747.000000000852 0.0
6748.000000000852 0.0
6749.000000000852 0.0
6750.000000000853 0.0
6751.000000000853 0.0
6752.000000000853 0.0
6753.000000000853 0.0
6754.000000000853 0.0
6755.000000000854 0.0
6756.000000000854 0.0
6757.000000000854 0.0
6758.000000000855 0.0
6759.000000000855 0.0
6760.000000000855 1.6055896725163909e-12
6761.000000000855 0.0018780473573175398
6762.000000000855 0.00375609471302949
6763.000000000856 0.005634142068742508
6764.000000000856 0.007512189424413216
6765.000000000856 0.009340814481290642
6766.000000000857 0.011169439538210375
6767.000000000857 0.013047486893923392
6768.000000000857 0.014925534249636411
6769.000000000857 0.01680358160534836
6770.000000000857 0.01868162896106031
6771.000000000858 0.020559676316772264
6772.000000000858 0.02243772367244185
6773.000000000858 0.024266348729320313
6774.000000000859 0.026094973786241198
6775.000000000859 0.027973021141953148
6776.000000000859 0.029851068497665098
6777.000000000859 0.03172911585337811
6778.000000000859 0.033607163209091136
6779.0000000008595 0.03548521056480308
6780.0000000008595 0.037363257920472556
6781.0000000008595 0.03919188297734998
6782.00000000086 0.04102050803426988
6783.00000000086 0.0428985553899829
6784.00000000086 0.04477660274569592
6785.00000000086 0.04665465010140787
6786.00000000086 0.048532697457119814
6787.000000000861 0.050410744812832836
6788.000000000861 0.05228879216850327
6789.000000000861 0.05411741722538069
6790.000000000862 0.0559460422823007
6791.000000000862 0.05782408963801265
6792.000000000862 0.059702136993724605
6793.000000000862 0.06158018434943762
6794.000000000862 0.06345823170515064
6795.000000000863 0.06533627906086259
6796.000000000863 0.0672143264165319
6797.000000000863 0.06904295147341036
6798.000000000864 0.07087157653033152
6799.000000000864 0.07274962388604346
6800.000000000864 0.07462767124175541
6801.000000000864 0.07650571859746737
6802.000000000864 0.07838376595317931
6803.000000000865 0.08026181330889233
6804.000000000865 0.0821398606645626
6805.000000000865 0.08396848572144003
6806.000000000866 0.0857971107783602
6807.000000000866 0.08767515813407323
6808.000000000866 0.08955320548978625
6809.000000000866 0.0914312528454982
6810.000000000866 0.09330930020283709
6811.000000000867 0.09706539491426099
6812.000000000867 0.10082148962564207
6813.000000000867 0.10452816203823355
6814.000000000868 0.10823483445086791
6815.000000000868 0.11199092916229181
6816.000000000868 0.11574702387367283
6817.000000000868 0.11945369628626432
6818.000000000868 0.12316036869889872
6819.000000000869 0.12691646341032264
6820.000000000869 0.1306725581217036
6821.000000000869 0.134379230534293
6822.0000000008695 0.13808590294692527
6823.0000000008695 0.14184199765835132
6824.0000000008695 0.14559809236973437
6825.0000000008695 0.14930476478232374
6826.0000000008695 0.1530114371949561
6827.00000000087 0.15676753190638215
6828.00000000087 0.16052362661776512
6829.00000000087 0.16423029903035452
6830.000000000871 0.16793697144298692
6831.000000000871 0.1716930661544108
6832.000000000871 0.17544916086579168
6833.000000000871 0.17915583327838314
6834.000000000871 0.18286250569101775
6835.000000000872 0.18661860040244163
6836.000000000872 0.19037469511382243
6837.000000000872 0.19408136752641392
6838.000000000873 0.19778803993904856
6839.000000000873 0.20154413465047247
6840.000000000873 0.20530022936185321
6841.000000000873 0.2090069017744426
6842.000000000873 0.21271357418707512
6843.000000000874 0.21646966889850114
6844.000000000874 0.22022576360988397
6845.000000000874 0.22393243602247334
6846.000000000875 0.22763910843510593
6847.000000000875 0.23139520314653197
6848.000000000875 0.23515129785791475
6849.000000000875 0.23885797027050412
6850.000000000875 0.24256464268313677
6851.000000000876 0.24632073739456067
6852.000000000876 0.2500768321059413
6853.000000000876 0.25378350451853277
6854.000000000877 0.25749017693116755
6855.000000000877 0.2612462716425915
6856.000000000877 0.26500236635397206
6857.000000000877 0.26870903876656355
6858.000000000877 0.2724157111791984
6859.000000000878 0.27617180589062235
6860.000000000878 0.2799279006020462
6861.000000000878 0.2836839953134701
6862.000000000879 0.28744009002485066
6863.000000000879 0.2911467624374421
6864.000000000879 0.29485343485007703
6865.000000000879 0.2986095295615009
6866.000000000879 0.3023656242728814
6867.0000000008795 0.30607229668547287
6868.0000000008795 0.30977896909810787
6869.0000000008795 0.3135350638095317
6870.00000000088 0.31729115852091216
6871.00000000088 0.32099783093350154
6872.00000000088 0.32470450334613443
6873.00000000088 0.32846059805756045
6874.00000000088 0.33221669276894294
6875.000000000881 0.33592336518153226
6876.000000000881 0.33963003759416527
6877.000000000881 0.3433861323055913
6878.000000000882 0.3471422270169737
6879.000000000882 0.35084889942956304
6880.000000000882 0.35455557184219605
6881.000000000882 0.35831166655361996
6882.000000000882 0.36206776126500023
6883.000000000883 0.36577443367759177
6884.000000000883 0.3694811060902269
6885.000000000883 0.3732372008016508
6886.000000000884 0.376993295513031
6887.000000000884 0.3806999679256225
6888.000000000884 0.38440664033825767
6889.000000000884 0.38816273504968163
6890.000000000884 0.39191882976106174
6891.000000000885 0.39562550217365117
6892.000000000885 0.3993321745862842
6893.000000000885 0.40308826929771024
6894.000000000886 0.4068443640090925
6895.000000000886 0.4105510364216819
6896.000000000886 0.414257708834315
6897.000000000886 0.4180138035457411
6898.000000000886 0.4217698982571233
6899.000000000887 0.4254765706697127
6900.000000000887 0.42918324308234584
6901.000000000887 0.4329393377937698
6902.000000000888 0.43669543250514986
6903.000000000888 0.4404021049177413
6904.000000000888 0.4441087773303767
6905.000000000888 0.4478648720418006
6906.000000000888 0.4516209667531806
6907.000000000889 0.45532763916577207
6908.000000000889 0.45903431157840746
6909.000000000889 0.46279040628983137
6910.0000000008895 0.4665465010012553
6911.0000000008895 0.4703025957126792
6912.0000000008895 0.47405869042405924
6913.0000000008895 0.47776536283665066
6914.0000000008895 0.4814720352492861
6915.00000000089 0.48522812996071
6916.00000000089 0.4889842246720899
6917.00000000089 0.4926908970846814
6918.000000000891 0.49639756949731695
6919.000000000891 0.5001536642087409
6920.000000000891 0.5039097589201208
6921.000000000891 0.5076164313327101
6922.000000000891 0.5113231037453435
6923.000000000892 0.5150791984567695
6924.000000000892 0.5188352931681515
6925.000000000892 0.522541965580741
6926.000000000893 0.5262486379933743
6927.000000000893 0.5300047327048003
6928.000000000893 0.5337608274161822
6929.000000000893 0.5374674998287716
6930.000000000893 0.5411741722414052
6931.000000000894 0.5449302669528291
6932.000000000894 0.5486863616642088
6933.000000000894 0.5523930340768003
6934.000000000895 0.556099706489436
6935.000000000895 0.5598558012008599
6936.000000000895 0.5636118959122396
6937.000000000895 0.567318568324831
6938.000000000895 0.5710252407374669
6939.000000000896 0.5747813354488908
6940.000000000896 0.5785374301602704
6941.000000000896 0.5822441025728597
6942.000000000897 0.5859507749854934
6943.000000000897 0.5897068696969193
6944.000000000897 0.5934629644083012
6945.000000000897 0.5971696368208904
6946.000000000897 0.6008763092335242
6947.000000000898 0.6046324039449502
6948.000000000898 0.6083884986563319
6949.000000000898 0.6120951710689213
6950.000000000899 0.615801843481555
6951.000000000899 0.6195579381929789
6952.000000000899 0.6233140329043584
6953.000000000899 0.62702070531695
6954.000000000899 0.6307273777295858
6955.0000000008995 0.6344834724410097
6956.0000000008995 0.6382395671523892
6957.0000000008995 0.6419462395649806
6958.0000000009 0.6456529119776165
6959.0000000009 0.6494090066890406
6960.0000000009 0.6531651014004645
6961.0000000009 0.6569211961118884
6962.0000000009 0.6606772908232678
6963.000000000901 0.6643839632358592
6964.000000000901 0.6680906356484951
6965.000000000901 0.671846730359919
6966.000000000902 0.6756028250712984
6967.000000000902 0.6793094974838899
6968.000000000902 0.683016169896526
6969.000000000902 0.6867722646079499
6970.000000000902 0.6905283593193293
6971.000000000903 0.6942350317319186
6972.000000000903 0.6979417041445526
6973.000000000903 0.7016977988559787
6974.000000000904 0.70545389356736
6975.000000000904 0.7091605659799494
6976.000000000904 0.7128672383925834
6977.000000000904 0.7166233331040094
6978.000000000904 0.7203794278153908
6979.000000000905 0.7240861002279801
6980.000000000905 0.7277927726406143
6981.000000000905 0.7315488673520382
6982.000000000906 0.7353049620634173
6983.000000000906 0.7390116344760088
6984.000000000906 0.742718306888645
6985.000000000906 0.746474401600069
6986.000000000906 0.7502304963114481
6987.000000000907 0.7539371687240396
6988.000000000907 0.7576438411366759
6989.000000000907 0.7613999358480998
6990.000000000908 0.7651560305594789
6991.000000000908 0.7688627029720683
6992.000000000908 0.7725693753847024
6993.000000000908 0.7763254700961284
6994.000000000908 0.7800815648075097
6995.000000000909 0.7837882372200989
6996.000000000909 0.7874949096327333
6997.000000000909 0.7912510043441593
6998.0000000009095 0.7950070990555405
6999.0000000009095 0.7987137714681297
7000.0000000009095 0.8024204438807641
7001.0000000009095 0.8061765385921881
7002.0000000009095 0.8099326333035669
7003.00000000091 0.8136393057161585
7004.00000000091 0.817345978128795
7005.00000000091 0.8211020728402189
7006.000000000911 0.8248581675515977
7007.000000000911 0.8285648399641892
7008.000000000911 0.8322715123768256
7009.000000000911 0.8360276070882496
7010.000000000911 0.8397837017996735
7011.000000000912 0.8435397965110975
7012.000000000912 0.8472958912224763
7013.000000000912 0.8510025636350678
7014.000000000913 0.8547092360477043
7015.000000000913 0.8584653307591282
7016.000000000913 0.8622214254701009
7017.000000000913 0.8654832971931814
7018.000000000913 0.8687451689149519
7019.000000000914 0.8705737939718294
7020.000000000914 0.872402419028752
7021.000000000914 0.8742804663844639
7022.000000000915 0.8761585137401758
7023.000000000915 0.8780365610958888
7024.000000000915 0.8799146084516019
7025.000000000915 0.8817926558073138
7026.000000000915 0.8836707031629806
7027.000000000916 0.885499328219859
7028.000000000916 0.8873279532767829
7029.000000000916 0.8892060006324948
7030.000000000917 0.8910840479882067
7031.000000000917 0.8929620953439187
7032.000000000917 0.8948401426996306
7033.000000000917 0.8967181900553436
7034.000000000917 0.8985962374110114
7035.000000000918 0.9004248624678887
7036.000000000918 0.9022534875248114
7037.000000000918 0.9041315348805244
7038.000000000919 0.9060095822362374
7039.000000000919 0.9078876295919494
7040.000000000919 0.9097656769476613
7041.000000000919 0.9116437243033733
7042.000000000919 0.9135217716590853
7043.0000000009195 0.9153998190147984
7044.0000000009195 0.9172778663704659
7045.0000000009195 0.9191064914273432
7046.00000000092 0.9209351164842662
7047.00000000092 0.9228131638399792
7048.00000000092 0.9246912111956922
7049.00000000092 0.9265692585514042
7050.00000000092 0.9284473059071161
7051.000000000921 0.9303253532628281
7052.000000000921 0.9322034006172202
7053.000000000921 0.9326482013067312
7054.000000000922 0.933093001995832
7055.000000000922 0.933093001995832
7056.000000000922 0.933093001995832
7057.000000000922 0.933093001995832
7058.000000000922 0.933093001995832
7059.000000000923 0.933093001995832
7060.000000000923 0.933093001995832
7061.000000000923 0.933093001995832
7062.000000000924 0.933093001995832
7063.000000000924 0.933093001995832
7064.000000000924 0.933093001995832
7065.000000000924 0.933093001995832
7066.000000000924 0.933093001995832
7067.000000000925 0.933093001995832
7068.000000000925 0.933093001995832
7069.000000000925 0.933093001995832
7070.000000000926 0.933093001995832
7071.000000000926 0.933093001995832
7072.000000000926 0.933093001995832
7073.000000000926 0.933093001995832
7074.000000000926 0.933093001995832
7075.000000000927 0.933093001995832
7076.000000000927 0.933093001995832
7077.000000000927 0.933093001995832
7078.000000000928 0.933093001995832
7079.000000000928 0.933093001995832
7080.000000000928 0.933093001995832
7081.000000000928 0.933093001995832
7082.000000000928 0.933093001995832
7083.000000000929 0.933093001995832
7084.000000000929 0.933093001995832
7085.000000000929 0.933093001995832
7086.0000000009295 0.933093001995832
7087.0000000009295 0.933093001995832
7088.0000000009295 0.933093001995832
7089.0000000009295 0.933093001995832
7090.0000000009295 0.933093001995832
7091.00000000093 0.933093001995832
7092.00000000093 0.933093001995832
7093.00000000093 0.933093001995832
7094.000000000931 0.933093001995832
7095.000000000931 0.933093001995832
7096.000000000931 0.933093001995832
7097.000000000931 0.933093001995832
7098.000000000931 0.933093001995832
7099.000000000932 0.933093001995832
7100.000000000932 0.933093001995832
7101.000000000932 0.933093001995832
7102.000000000933 0.933093001995832
7103.000000000933 0.933093001995832
7104.000000000933 0.933093001995832
7105.000000000933 0.933093001995832
7106.000000000933 0.933093001995832
7107.000000000934 0.933093001995832
7108.000000000934 0.933093001995832
7109.000000000934 0.933093001995832
7110.000000000935 0.933093001995832
7111.000000000935 0.933093001995832
7112.000000000935 0.933093001995832
7113.000000000935 0.933093001995832
7114.000000000935 0.933093001995832
7115.000000000936 0.933093001995832
7116.000000000936 0.933093001995832
7117.000000000936 0.933093001995832
7118.000000000937 0.933093001995832
7119.000000000937 0.933093001995832
7120.000000000937 0.933093001995832
7121.000000000937 0.933093001995832
7122.000000000937 0.933093001995832
7123.000000000938 0.933093001995832
7124.000000000938 0.933093001995832
7125.000000000938 0.933093001995832
7126.000000000939 0.933093001995832
7127.000000000939 0.933093001995832
7128.000000000939 0.933093001995832
7129.000000000939 0.933093001995832
7130.000000000939 0.933093001995832
7131.0000000009395 0.933093001995832
7132.0000000009395 0.933093001995832
7133.0000000009395 0.933093001995832
7134.00000000094 0.933093001995832
7135.00000000094 0.933093001995832
7136.00000000094 0.933093001995832
7137.00000000094 0.933093001995832
7138.00000000094 0.933093001995832
7139.000000000941 0.933093001995832
7140.000000000941 0.933093001995832
7141.000000000941 0.933093001995832
7142.000000000942 0.933093001995832
7143.000000000942 0.933093001995832
7144.000000000942 0.933093001995832
7145.000000000942 0.933093001995832
7146.000000000942 0.933093001995832
7147.000000000943 0.933093001995832
7148.000000000943 0.933093001995832
7149.000000000943 0.933093001995832
7150.000000000944 0.933093001995832
7151.000000000944 0.933093001995832
7152.000000000944 0.933093001995832
7153.000000000944 0.933093001995832
7154.000000000944 0.933093001995832
7155.000000000945 0.933093001995832
7156.000000000945 0.933093001995832
7157.000000000945 0.933093001995832
7158.000000000946 0.933093001995832
7159.000000000946 0.933093001995832
7160.000000000946 0.933093001995832
7161.000000000946 0.933093001995832
7162.000000000946 0.933093001995832
7163.000000000947 0.933093001995832
7164.000000000947 0.933093001995832
7165.000000000947 0.933093001995832
7166.000000000948 0.933093001995832
7167.000000000948 0.933093001995832
7168.000000000948 0.933093001995832
7169.000000000948 0.933093001995832
7170.000000000948 0.933093001995832
7171.000000000949 0.933093001995832
7172.000000000949 0.933093001995832
7173.000000000949 0.933093001995832
7174.0000000009495 0.933093001995832
7175.0000000009495 0.933093001995832
7176.0000000009495 0.933093001995832
7177.0000000009495 0.933093001995832
7178.0000000009495 0.933093001995832
7179.00000000095 0.933093001995832
7180.00000000095 0.933093001995832
7181.00000000095 0.933093001995832
7182.000000000951 0.933093001995832
7183.000000000951 0.933093001995832
7184.000000000951 0.933093001995832
7185.000000000951 0.933093001995832
7186.000000000951 0.933093001995832
7187.000000000952 0.933093001995832
7188.000000000952 0.933093001995832
7189.000000000952 0.933093001995832
7190.000000000953 0.933093001995832
7191.000000000953 0.933093001995832
7192.000000000953 0.933093001995832
7193.000000000953 0.933093001995832
7194.000000000953 0.933093001995832
7195.000000000954 0.933093001995832
7196.000000000954 0.933093001995832
7197.000000000954 0.933093001995832
7198.000000000955 0.933093001995832
7199.000000000955 0.933093001995832
7200.000000000955 0.933093001995832
7201.000000000955 0.933093001995832
7202.000000000955 0.933093001995832
7203.000000000956 0.933093001995832
7204.000000000956 0.933093001995832
7205.000000000956 0.933093001995832
7206.000000000957 0.933093001995832
7207.000000000957 0.933093001995832
7208.000000000957 0.933093001995832
7209.000000000957 0.933093001995832
7210.000000000957 0.933093001995832
7211.000000000958 0.933093001995832
7212.000000000958 0.933093001995832
7213.000000000958 0.933093001995832
7214.000000000959 0.933093001995832
7215.000000000959 0.933093001995832
7216.000000000959 0.933093001995832
7217.000000000959 0.933093001995832
7218.000000000959 0.933093001995832
7219.0000000009595 0.933093001995832
7220.0000000009595 0.933093001995832
7221.0000000009595 0.933093001995832
7222.00000000096 0.933093001995832
7223.00000000096 0.933093001995832
7224.00000000096 0.933093001995832
7225.00000000096 0.933093001995832
7226.00000000096 0.933093001995832
7227.000000000961 0.933093001995832
7228.000000000961 0.933093001995832
7229.000000000961 0.933093001995832
7230.000000000962 0.933093001995832
7231.000000000962 0.933093001995832
7232.000000000962 0.933093001995832
7233.000000000962 0.933093001995832
7234.000000000962 0.933093001995832
7235.000000000963 0.933093001995832
7236.000000000963 0.933093001995832
7237.000000000963 0.933093001995832
7238.000000000964 0.933093001995832
7239.000000000964 0.933093001995832
7240.000000000964 0.933093001995832
7241.000000000964 0.933093001995832
7242.000000000964 0.933093001995832
7243.000000000965 0.933093001995832
7244.000000000965 0.933093001995832
7245.000000000965 0.933093001995832
7246.000000000966 0.933093001995832
7247.000000000966 0.933093001995832
7248.000000000966 0.933093001995832
7249.000000000966 0.933093001995832
7250.000000000966 0.933093001995832
7251.000000000967 0.933093001995832
7252.000000000967 0.933093001995832
7253.000000000967 0.933093001995832
7254.000000000968 0.933093001995832
7255.000000000968 0.933093001995832
7256.000000000968 0.933093001995832
7257.000000000968 0.933093001995832
7258.000000000968 0.933093001995832
7259.000000000969 0.933093001995832
7260.000000000969 0.933093001995832
7261.000000000969 0.933093001995832
7262.0000000009695 0.933093001995832
7263.0000000009695 0.933093001995832
7264.0000000009695 0.933093001995832
7265.0000000009695 0.933093001995832
7266.0000000009695 0.933093001995832
7267.00000000097 0.933093001995832
7268.00000000097 0.933093001995832
7269.00000000097 0.933093001995832
7270.000000000971 0.933093001995832
7271.000000000971 0.933093001995832
7272.000000000971 0.933093001995832
7273.000000000971 0.933093001995832
7274.000000000971 0.933093001995832
7275.000000000972 0.933093001995832
7276.000000000972 0.933093001995832
7277.000000000972 0.933093001995832
7278.000000000973 0.933093001995832
7279.000000000973 0.933093001995832
7280.000000000973 0.933093001995832
7281.000000000973 0.933093001995832
7282.000000000973 0.933093001995832
7283.000000000974 0.933093001995832
7284.000000000974 0.933093001995832
7285.000000000974 0.933093001995832
7286.000000000975 0.933093001995832
7287.000000000975 0.933093001995832
7288.000000000975 0.933093001995832
7289.000000000975 0.933093001995832
7290.000000000975 0.933093001995832
7291.000000000976 0.933093001995832
7292.000000000976 0.933093001995832
7293.000000000976 0.933093001995832
7294.000000000977 0.933093001995832
7295.000000000977 0.933093001995832
7296.000000000977 0.933093001995832
7297.000000000977 0.933093001995832
7298.000000000977 0.933093001995832
7299.000000000978 0.933093001995832
7300.000000000978 0.933093001995832
7301.000000000978 0.933093001995832
7302.000000000979 0.933093001995832
7303.000000000979 0.933093001995832
7304.000000000979 0.933093001995832
7305.000000000979 0.933093001995832
7306.000000000979 0.933093001995832
7307.0000000009795 0.933093001995832
7308.0000000009795 0.933093001995832
7309.0000000009795 0.933093001995832
7310.00000000098 0.933093001995832
7311.00000000098 0.933093001995832
7312.00000000098 0.933093001995832
7313.00000000098 0.933093001995832
7314.00000000098 0.933093001995832
7315.000000000981 0.933093001995832
7316.000000000981 0.933093001995832
7317.000000000981 0.933093001995832
7318.000000000982 0.933093001995832
7319.000000000982 0.933093001995832
7320.000000000982 0.933093001995832
7321.000000000982 0.933093001995832
7322.000000000982 0.933093001995832
7323.000000000983 0.933093001995832
7324.000000000983 0.933093001995832
7325.000000000983 0.933093001995832
7326.000000000984 0.933093001995832
7327.000000000984 0.933093001995832
7328.000000000984 0.933093001995832
7329.000000000984 0.933093001995832
7330.000000000984 0.933093001995832
7331.000000000985 0.933093001995832
7332.000000000985 0.933093001995832
7333.000000000985 0.933093001995832
7334.000000000986 0.933093001995832
7335.000000000986 0.933093001995832
7336.000000000986 0.933093001995832
7337.000000000986 0.933093001995832
7338.000000000986 0.933093001995832
7339.000000000987 0.933093001995832
7340.000000000987 0.933093001995832
7341.000000000987 0.933093001995832
7342.000000000988 0.933093001995832
7343.000000000988 0.933093001995832
7344.000000000988 0.933093001995832
7345.000000000988 0.933093001995832
7346.000000000988 0.933093001995832
7347.000000000989 0.933093001995832
7348.000000000989 0.933093001995832
7349.000000000989 0.933093001995832
7350.0000000009895 0.933093001995832
7351.0000000009895 0.933093001995832
7352.0000000009895 0.933093001995832
7353.0000000009895 0.933093001995832
7354.0000000009895 0.933093001995832
7355.00000000099 0.933093001995832
7356.00000000099 0.933093001995832
7357.00000000099 0.933093001995832
7358.000000000991 0.933093001995832
7359.000000000991 0.933093001995832
7360.000000000991 0.933093001995832
7361.000000000991 0.933093001995832
7362.000000000991 0.933093001995832
7363.000000000992 0.933093001995832
7364.000000000992 0.933093001995832
7365.000000000992 0.933093001995832
7366.000000000993 0.933093001995832
7367.000000000993 0.933093001995832
7368.000000000993 0.933093001995832
7369.000000000993 0.933093001995832
7370.000000000993 0.933093001995832
7371.000000000994 0.933093001995832
7372.000000000994 0.933093001995832
7373.000000000994 0.933093001995832
7374.000000000995 0.933093001995832
7375.000000000995 0.933093001995832
7376.000000000995 0.933093001995832
7377.000000000995 0.933093001995832
7378.000000000995 0.933093001995832
7379.000000000996 0.933093001995832
7380.000000000996 0.933093001995832
7381.000000000996 0.933093001995832
7382.000000000997 0.933093001995832
7383.000000000997 0.933093001995832
7384.000000000997 0.933093001995832
7385.000000000997 0.933093001995832
7386.000000000997 0.933093001995832
7387.000000000998 0.933093001995832
7388.000000000998 0.933093001995832
7389.000000000998 0.933093001995832
7390.000000000999 0.933093001995832
7391.000000000999 0.933093001995832
7392.000000000999 0.933093001995832
7393.000000000999 0.933093001995832
7394.000000000999 0.933093001995832
7395.0000000009995 0.933093001995832
7396.0000000009995 0.933093001995832
7397.0000000009995 0.933093001995832
7398.000000001 0.933093001995832
7399.000000001 0.933093001995832
7400.000000001 0.933093001995832
7401.000000001 0.933093001995832
7402.000000001 0.933093001995832
7403.000000001001 0.933093001995832
7404.000000001001 0.933093001995832
7405.000000001001 0.933093001995832
7406.000000001002 0.933093001995832
7407.000000001002 0.933093001995832
7408.000000001002 0.933093001995832
7409.000000001002 0.933093001995832
7410.000000001002 0.933093001995832
7411.000000001003 0.933093001995832
7412.000000001003 0.933093001995832
7413.000000001003 0.933093001995832
7414.000000001004 0.933093001995832
7415.000000001004 0.933093001995832
7416.000000001004 0.933093001995832
7417.000000001004 0.933093001995832
7418.000000001004 0.933093001995832
7419.000000001005 0.933093001995832
7420.000000001005 0.933093001995832
7421.000000001005 0.933093001995832
7422.000000001006 0.933093001995832
7423.000000001006 0.933093001995832
7424.000000001006 0.933093001995832
7425.000000001006 0.933093001995832
7426.000000001006 0.933093001995832
7427.000000001007 0.933093001995832
7428.000000001007 0.933093001995832
7429.000000001007 0.933093001995832
7430.000000001008 0.933093001995832
7431.000000001008 0.933093001995832
7432.000000001008 0.933093001995832
7433.000000001008 0.933093001995832
7434.000000001008 0.933093001995832
7435.000000001009 0.933093001995832
7436.000000001009 0.933093001995832
7437.000000001009 0.933093001995832
7438.0000000010095 0.933093001995832
7439.0000000010095 0.933093001995832
7440.0000000010095 0.933093001995832
7441.0000000010095 0.933093001995832
7442.0000000010095 0.933093001995832
7443.00000000101 0.933093001995832
7444.00000000101 0.933093001995832
7445.00000000101 0.933093001995832
7446.000000001011 0.933093001995832
7447.000000001011 0.933093001995832
7448.000000001011 0.933093001995832
7449.000000001011 0.933093001995832
7450.000000001011 0.933093001995832
7451.000000001012 0.933093001995832
7452.000000001012 0.933093001995832
7453.000000001012 0.933093001995832
7454.000000001013 0.933093001995832
7455.000000001013 0.933093001995832
7456.000000001013 0.933093001995832
7457.000000001013 0.933093001995832
7458.000000001013 0.933093001995832
7459.000000001014 0.933093001995832
7460.000000001014 0.933093001995832
7461.000000001014 0.933093001995832
7462.000000001015 0.933093001995832
7463.000000001015 0.933093001995832
7464.000000001015 0.933093001995832
7465.000000001015 0.933093001995832
7466.000000001015 0.933093001995832
7467.000000001016 0.933093001995832
7468.000000001016 0.933093001995832
7469.000000001016 0.933093001995832
7470.000000001017 0.933093001995832
7471.000000001017 0.933093001995832
7472.000000001017 0.933093001995832
7473.000000001017 0.933093001995832
7474.000000001017 0.933093001995832
7475.000000001018 0.933093001995832
7476.000000001018 0.933093001995832
7477.000000001018 0.933093001995832
7478.000000001019 0.933093001995832
7479.000000001019 0.933093001995832
7480.000000001019 0.933093001995832
7481.000000001019 0.933093001995832
7482.000000001019 0.933093001995832
7483.0000000010195 0.933093001995832
7484.0000000010195 0.933093001995832
7485.0000000010195 0.933093001995832
7486.00000000102 0.933093001995832
7487.00000000102 0.933093001995832
7488.00000000102 0.933093001995832
7489.00000000102 0.933093001995832
7490.00000000102 0.933093001995832
7491.000000001021 0.933093001995832
7492.000000001021 0.933093001995832
7493.000000001021 0.933093001995832
7494.000000001022 0.933093001995832
7495.000000001022 0.933093001995832
7496.000000001022 0.933093001995832
7497.000000001022 0.933093001995832
7498.000000001022 0.933093001995832
7499.000000001023 0.933093001995832
7500.000000001023 0.933093001995832
7501.000000001023 0.933093001995832
7502.000000001024 0.933093001995832
7503.000000001024 0.933093001995832
7504.000000001024 0.933093001995832
7505.000000001024 0.933093001995832
7506.000000001024 0.933093001995832
7507.000000001025 0.933093001995832
7508.000000001025 0.933093001995832
7509.000000001025 0.933093001995832
7510.000000001026 0.933093001995832
7511.000000001026 0.933093001995832
7512.000000001026 0.933093001995832
7513.000000001026 0.933093001995832
7514.000000001026 0.933093001995832
7515.000000001027 0.933093001995832
7516.000000001027 0.933093001995832
7517.000000001027 0.933093001995832
7518.000000001028 0.933093001995832
7519.000000001028 0.933093001995832
7520.000000001028 0.933093001995832
7521.000000001028 0.933093001995832
7522.000000001028 0.933093001995832
7523.000000001029 0.933093001995832
7524.000000001029 0.933093001995832
7525.000000001029 0.933093001995832
7526.00000000103 0.933093001995832
7527.00000000103 0.933093001995832
7528.00000000103 0.933093001995832
7529.00000000103 0.933093001995832
7530.00000000103 0.933093001995832
7531.0000000010305 0.933093001995832
7532.0000000010305 0.933093001995832
7533.0000000010305 0.933093001995832
7534.000000001031 0.933093001995832
7535.000000001031 0.933093001995832
7536.000000001031 0.933093001995832
7537.000000001031 0.933093001995832
7538.000000001031 0.933093001995832
7539.000000001032 0.933093001995832
7540.000000001032 0.933093001995832
7541.000000001032 0.933093001995832
7542.000000001033 0.933093001995832
7543.000000001033 0.933093001995832
7544.000000001033 0.933093001995832
7545.000000001033 0.933093001995832
7546.000000001033 0.933093001995832
7547.000000001034 0.933093001995832
7548.000000001034 0.933093001995832
7549.000000001034 0.933093001995832
7550.000000001035 0.933093001995832
7551.000000001035 0.933093001995832
7552.000000001035 0.933093001995832
7553.000000001035 0.933093001995832
7554.000000001035 0.933093001995832
7555.000000001036 0.933093001995832
7556.000000001036 0.933093001995832
7557.000000001036 0.933093001995832
7558.000000001037 0.933093001995832
7559.000000001037 0.933093001995832
7560.000000001037 0.933093001995832
7561.000000001037 0.933093001995832
7562.000000001037 0.933093001995832
7563.000000001038 0.933093001995832
7564.000000001038 0.933093001995832
7565.000000001038 0.933093001995832
7566.000000001039 0.933093001995832
7567.000000001039 0.933093001995832
7568.000000001039 0.933093001995832
7569.000000001039 0.933093001995832
7570.000000001039 0.933093001995832
7571.00000000104 0.933093001995832
7572.00000000104 0.933093001995832
7573.00000000104 0.933093001995832
7574.0000000010405 0.933093001995832
7575.0000000010405 0.933093001995832
7576.0000000010405 0.933093001995832
7577.0000000010405 0.933093001995832
7578.0000000010405 0.933093001995832
7579.000000001041 0.933093001995832
7580.000000001041 0.933093001995832
7581.000000001041 0.933093001995832
7582.000000001042 0.933093001995832
7583.000000001042 0.933093001995832
7584.000000001042 0.933093001995832
7585.000000001042 0.933093001995832
7586.000000001042 0.933093001995832
7587.000000001043 0.933093001995832
7588.000000001043 0.933093001995832
7589.000000001043 0.933093001995832
7590.000000001044 0.933093001995832
7591.000000001044 0.933093001995832
7592.000000001044 0.933093001995832
7593.000000001044 0.933093001995832
7594.000000001044 0.933093001995832
7595.000000001045 0.933093001995832
7596.000000001045 0.933093001995832
7597.000000001045 0.933093001995832
7598.000000001046 0.933093001995832
7599.000000001046 0.933093001995832
7600.000000001046 0.933093001995832
7601.000000001046 0.933093001995832
7602.000000001046 0.933093001995832
7603.000000001047 0.933093001995832
7604.000000001047 0.933093001995832
7605.000000001047 0.933093001995832
7606.000000001048 0.933093001995832
7607.000000001048 0.933093001995832
7608.000000001048 0.933093001995832
7609.000000001048 0.933093001995832
7610.000000001048 0.933093001995832
7611.000000001049 0.933093001995832
7612.000000001049 0.933093001995832
7613.000000001049 0.933093001995832
7614.00000000105 0.933093001995832
7615.00000000105 0.933093001995832
7616.00000000105 0.933093001995832
7617.00000000105 0.933093001995832
7618.00000000105 0.933093001995832
7619.0000000010505 0.933093001995832
7620.0000000010505 0.933093001995832
7621.0000000010505 0.933093001995832
7622.000000001051 0.933093001995832
7623.000000001051 0.933093001995832
7624.000000001051 0.933093001995832
7625.000000001051 0.933093001995832
7626.000000001051 0.933093001995832
7627.000000001052 0.933093001995832
7628.000000001052 0.933093001995832
7629.000000001052 0.933093001995832
7630.000000001053 0.933093001995832
7631.000000001053 0.933093001995832
7632.000000001053 0.933093001995832
7633.000000001053 0.933093001995832
7634.000000001053 0.933093001995832
7635.000000001054 0.933093001995832
7636.000000001054 0.933093001995832
7637.000000001054 0.933093001995832
7638.000000001055 0.933093001995832
7639.000000001055 0.933093001995832
7640.000000001055 0.933093001995832
7641.000000001055 0.933093001995832
7642.000000001055 0.933093001995832
7643.000000001056 0.933093001995832
7644.000000001056 0.933093001995832
7645.000000001056 0.933093001995832
7646.000000001057 0.933093001995832
7647.000000001057 0.933093001995832
7648.000000001057 0.933093001995832
7649.000000001057 0.933093001995832
7650.000000001057 0.933093001995832
7651.000000001058 0.933093001995832
7652.000000001058 0.933093001995832
7653.000000001058 0.933093001995832
7654.000000001059 0.933093001995832
7655.000000001059 0.933093001995832
7656.000000001059 0.933093001995832
7657.000000001059 0.933093001995832
7658.000000001059 0.933093001995832
7659.00000000106 0.933093001995832
7660.00000000106 0.933093001995832
7661.00000000106 0.933093001995832
7662.0000000010605 0.933093001995832
7663.0000000010605 0.933093001995832
7664.0000000010605 0.933093001995832
7665.0000000010605 0.933093001995832
7666.0000000010605 0.933093001995832
7667.000000001061 0.933093001995832
7668.000000001061 0.933093001995832
7669.000000001061 0.933093001995832
7670.000000001062 0.933093001995832
7671.000000001062 0.933093001995832
7672.000000001062 0.933093001995832
7673.000000001062 0.933093001995832
7674.000000001062 0.933093001995832
7675.000000001063 0.933093001995832
7676.000000001063 0.933093001995832
7677.000000001063 0.933093001995832
7678.000000001064 0.933093001995832
7679.000000001064 0.933093001995832
7680.000000001064 0.933093001995832
7681.000000001064 0.933093001995832
7682.000000001064 0.933093001995832
7683.000000001065 0.933093001995832
7684.000000001065 0.933093001995832
7685.000000001065 0.933093001995832
7686.000000001066 0.933093001995832
7687.000000001066 0.933093001995832
7688.000000001066 0.933093001995832
7689.000000001066 0.933093001995832
7690.000000001066 0.933093001995832
7691.000000001067 0.933093001995832
7692.000000001067 0.933093001995832
7693.000000001067 0.933093001995832
7694.000000001068 0.933093001995832
7695.000000001068 0.933093001995832
7696.000000001068 0.933093001995832
7697.000000001068 0.933093001995832
7698.000000001068 0.933093001995832
7699.000000001069 0.933093001995832
7700.000000001069 0.933093001995832
7701.000000001069 0.933093001995832
7702.00000000107 0.933093001995832
7703.00000000107 0.933093001995832
7704.00000000107 0.933093001995832
7705.00000000107 0.933093001995832
7706.00000000107 0.933093001995832
7707.0000000010705 0.933093001995832
7708.0000000010705 0.933093001995832
7709.0000000010705 0.933093001995832
7710.000000001071 0.933093001995832
7711.000000001071 0.933093001995832
7712.000000001071 0.933093001995832
7713.000000001071 0.933093001995832
7714.000000001071 0.933093001995832
7715.000000001072 0.933093001995832
7716.000000001072 0.933093001995832
7717.000000001072 0.933093001995832
7718.000000001073 0.933093001995832
7719.000000001073 0.933093001995832
7720.000000001073 0.933093001995832
7721.000000001073 0.933093001995832
7722.000000001073 0.933093001995832
7723.000000001074 0.933093001995832
7724.000000001074 0.933093001995832
7725.000000001074 0.933093001995832
7726.000000001075 0.933093001995832
7727.000000001075 0.933093001995832
7728.000000001075 0.933093001995832
7729.000000001075 0.933093001995832
7730.000000001075 0.933093001995832
7731.000000001076 0.933093001995832
7732.000000001076 0.933093001995832
7733.000000001076 0.933093001995832
7734.000000001077 0.933093001995832
7735.000000001077 0.933093001995832
7736.000000001077 0.933093001995832
7737.000000001077 0.933093001995832
7738.000000001077 0.933093001995832
7739.000000001078 0.933093001995832
7740.000000001078 0.933093001995832
7741.000000001078 0.933093001995832
7742.000000001079 0.933093001995832
7743.000000001079 0.933093001995832
7744.000000001079 0.933093001995832
7745.000000001079 0.933093001995832
7746.000000001079 0.933093001995832
7747.00000000108 0.933093001995832
7748.00000000108 0.933093001995832
7749.00000000108 0.933093001995832
7750.0000000010805 0.933093001995832
7751.0000000010805 0.933093001995832
7752.0000000010805 0.933093001995832
7753.0000000010805 0.933093001995832
7754.0000000010805 0.933093001995832
7755.000000001081 0.933093001995832
7756.000000001081 0.933093001995832
7757.000000001081 0.933093001995832
7758.000000001082 0.933093001995832
7759.000000001082 0.933093001995832
7760.000000001082 0.933093001995832
7761.000000001082 0.933093001995832
7762.000000001082 0.933093001995832
7763.000000001083 0.933093001995832
7764.000000001083 0.933093001995832
7765.000000001083 0.933093001995832
7766.000000001084 0.933093001995832
7767.000000001084 0.933093001995832
7768.000000001084 0.933093001995832
7769.000000001084 0.933093001995832
7770.000000001084 0.933093001995832
7771.000000001085 0.933093001995832
7772.000000001085 0.933093001995832
7773.000000001085 0.933093001995832
7774.000000001086 0.933093001995832
7775.000000001086 0.933093001995832
7776.000000001086 0.933093001995832
7777.000000001086 0.933093001995832
7778.000000001086 0.933093001995832
7779.000000001087 0.933093001995832
7780.000000001087 0.933093001995832
7781.000000001087 0.933093001995832
7782.000000001088 0.933093001995832
7783.000000001088 0.933093001995832
7784.000000001088 0.933093001995832
7785.000000001088 0.933093001995832
7786.000000001088 0.933093001995832
7787.000000001089 0.933093001995832
7788.000000001089 0.933093001995832
7789.000000001089 0.933093001995832
7790.00000000109 0.933093001995832
7791.00000000109 0.933093001995832
7792.00000000109 0.933093001995832
7793.00000000109 0.933093001995832
7794.00000000109 0.933093001995832
7795.0000000010905 0.933093001995832
7796.0000000010905 0.933093001995832
7797.0000000010905 0.933093001995832
7798.000000001091 0.933093001995832
7799.000000001091 0.933093001995832
7800.000000001091 0.933093001995832
7801.000000001091 0.933093001995832
7802.000000001091 0.933093001995832
7803.000000001092 0.933093001995832
7804.000000001092 0.933093001995832
7805.000000001092 0.933093001995832
7806.000000001093 0.933093001995832
7807.000000001093 0.933093001995832
7808.000000001093 0.933093001995832
7809.000000001093 0.933093001995832
7810.000000001093 0.933093001995832
7811.000000001094 0.933093001995832
7812.000000001094 0.933093001995832
7813.000000001094 0.933093001995832
7814.000000001095 0.933093001995832
7815.000000001095 0.933093001995832
7816.000000001095 0.933093001995832
7817.000000001095 0.933093001995832
7818.000000001095 0.933093001995832
7819.000000001096 0.933093001995832
7820.000000001096 0.933093001995832
7821.000000001096 0.933093001995832
7822.000000001097 0.933093001995832
7823.000000001097 0.933093001995832
7824.000000001097 0.933093001995832
7825.000000001097 0.933093001995832
7826.000000001097 0.933093001995832
7827.000000001098 0.933093001995832
7828.000000001098 0.933093001995832
7829.000000001098 0.933093001995832
7830.000000001099 0.933093001995832
7831.000000001099 0.933093001995832
7832.000000001099 0.933093001995832
7833.000000001099 0.933093001995832
7834.000000001099 0.933093001995832
7835.0000000011 0.933093001995832
7836.0000000011 0.933093001995832
7837.0000000011 0.933093001995832
7838.0000000011005 0.933093001995832
7839.0000000011005 0.933093001995832
7840.0000000011005 0.933093001995832
7841.0000000011005 0.933093001995832
7842.0000000011005 0.933093001995832
7843.000000001101 0.933093001995832
7844.000000001101 0.933093001995832
7845.000000001101 0.933093001995832
7846.000000001102 0.933093001995832
7847.000000001102 0.933093001995832
7848.000000001102 0.933093001995832
7849.000000001102 0.933093001995832
7850.000000001102 0.933093001995832
7851.000000001103 0.933093001995832
7852.000000001103 0.933093001995832
7853.000000001103 0.933093001995832
7854.000000001104 0.933093001995832
7855.000000001104 0.933093001995832
7856.000000001104 0.933093001995832
7857.000000001104 0.933093001995832
7858.000000001104 0.933093001995832
7859.000000001105 0.933093001995832
7860.000000001105 0.933093001995832
7861.000000001105 0.933093001995832
7862.000000001106 0.933093001995832
7863.000000001106 0.933093001995832
7864.000000001106 0.933093001995832
7865.000000001106 0.933093001995832
7866.000000001106 0.933093001995832
7867.000000001107 0.933093001995832
7868.000000001107 0.933093001995832
7869.000000001107 0.933093001995832
7870.000000001108 0.933093001995832
7871.000000001108 0.933093001995832
7872.000000001108 0.933093001995832
7873.000000001108 0.933093001995832
7874.000000001108 0.933093001995832
7875.000000001109 0.933093001995832
7876.000000001109 0.933093001995832
7877.000000001109 0.933093001995832
7878.00000000111 0.933093001995832
7879.00000000111 0.933093001995832
7880.00000000111 0.933093001995832
7881.00000000111 0.933093001995832
7882.00000000111 0.933093001995832
7883.0000000011105 0.933093001995832
7884.0000000011105 0.933093001995832
7885.0000000011105 0.933093001995832
7886.000000001111 0.933093001995832
7887.000000001111 0.933093001995832
7888.000000001111 0.933093001995832
7889.000000001111 0.933093001995832
7890.000000001111 0.933093001995832
7891.000000001112 0.933093001995832
7892.000000001112 0.933093001995832
7893.000000001112 0.933093001995832
7894.000000001113 0.933093001995832
7895.000000001113 0.933093001995832
7896.000000001113 0.933093001995832
7897.000000001113 0.933093001995832
7898.000000001113 0.933093001995832
7899.000000001114 0.933093001995832
7900.000000001114 0.933093001995832
7901.000000001114 0.933093001995832
7902.000000001115 0.933093001995832
7903.000000001115 0.933093001995832
7904.000000001115 0.933093001995832
7905.000000001115 0.933093001995832
7906.000000001115 0.933093001995832
7907.000000001116 0.933093001995832
7908.000000001116 0.933093001995832
7909.000000001116 0.933093001995832
7910.000000001117 0.933093001995832
7911.000000001117 0.933093001995832
7912.000000001117 0.933093001995832
7913.000000001117 0.933093001995832
7914.000000001117 0.933093001995832
7915.000000001118 0.933093001995832
7916.000000001118 0.933093001995832
7917.000000001118 0.933093001995832
7918.000000001119 0.933093001995832
7919.000000001119 0.933093001995832
7920.000000001119 0.933093001995832
7921.000000001119 0.933093001995832
7922.000000001119 0.933093001995832
7923.00000000112 0.933093001995832
7924.00000000112 0.933093001995832
7925.00000000112 0.933093001995832
7926.0000000011205 0.933093001995832
7927.0000000011205 0.933093001995832
7928.0000000011205 0.933093001995832
7929.0000000011205 0.933093001995832
7930.0000000011205 0.933093001995832
7931.000000001121 0.933093001995832
7932.000000001121 0.933093001995832
7933.000000001121 0.933093001995832
7934.000000001122 0.933093001995832
7935.000000001122 0.933093001995832
7936.000000001122 0.933093001995832
7937.000000001122 0.933093001995832
7938.000000001122 0.933093001995832
7939.000000001123 0.933093001995832
7940.000000001123 0.933093001995832
7941.000000001123 0.933093001995832
7942.000000001124 0.933093001995832
7943.000000001124 0.933093001995832
7944.000000001124 0.933093001995832
7945.000000001124 0.933093001995832
7946.000000001124 0.933093001995832
7947.000000001125 0.933093001995832
7948.000000001125 0.933093001995832
7949.000000001125 0.933093001995832
7950.000000001126 0.933093001995832
7951.000000001126 0.933093001995832
7952.000000001126 0.933093001995832
7953.000000001126 0.933093001995832
7954.000000001126 0.933093001995832
7955.000000001127 0.933093001995832
7956.000000001127 0.933093001995832
7957.000000001127 0.933093001995832
7958.000000001128 0.933093001995832
7959.000000001128 0.933093001995832
7960.000000001128 0.933093001995832
7961.000000001128 0.933093001995832
7962.000000001128 0.933093001995832
7963.000000001129 0.933093001995832
7964.000000001129 0.933093001995832
7965.000000001129 0.933093001995832
7966.00000000113 0.933093001995832
7967.00000000113 0.933093001995832
7968.00000000113 0.933093001995832
7969.00000000113 0.933093001995832
7970.00000000113 0.933093001995832
7971.0000000011305 0.933093001995832
7972.0000000011305 0.933093001995832
7973.0000000011305 0.933093001995832
7974.000000001131 0.933093001995832
7975.000000001131 0.933093001995832
7976.000000001131 0.933093001995832
7977.000000001131 0.933093001995832
7978.000000001131 0.933093001995832
7979.000000001132 0.933093001995832
7980.000000001132 0.933093001995832
7981.000000001132 0.933093001995832
7982.000000001133 0.933093001995832
7983.000000001133 0.933093001995832
7984.000000001133 0.933093001995832
7985.000000001133 0.933093001995832
7986.000000001133 0.933093001995832
7987.000000001134 0.933093001995832
7988.000000001134 0.933093001995832
7989.000000001134 0.933093001995832
7990.000000001135 0.933093001995832
7991.000000001135 0.933093001995832
7992.000000001135 0.933093001995832
7993.000000001135 0.933093001995832
7994.000000001135 0.933093001995832
7995.000000001136 0.933093001995832
7996.000000001136 0.933093001995832
7997.000000001136 0.933093001995832
7998.000000001137 0.933093001995832
7999.000000001137 0.933093001995832
8000.000000001137 0.933093001995832
8001.000000001137 0.933093001995832
8002.000000001137 0.933093001995832
8003.000000001138 0.933093001995832
8004.000000001138 0.933093001995832
8005.000000001138 0.933093001995832
8006.000000001139 0.933093001995832
8007.000000001139 0.933093001995832
8008.000000001139 0.933093001995832
8009.000000001139 0.933093001995832
8010.000000001139 0.933093001995832
8011.00000000114 0.933093001995832
8012.00000000114 0.933093001995832
8013.00000000114 0.933093001995832
8014.0000000011405 0.933093001995832
8015.0000000011405 0.933093001995832
8016.0000000011405 0.933093001995832
8017.0000000011405 0.933093001995832
8018.0000000011405 0.933093001995832
8019.000000001141 0.933093001995832
8020.000000001141 0.933093001995832
8021.000000001141 0.933093001995832
8022.000000001142 0.933093001995832
8023.000000001142 0.933093001995832
8024.000000001142 0.933093001995832
8025.000000001142 0.933093001995832
8026.000000001142 0.933093001995832
8027.000000001143 0.933093001995832
8028.000000001143 0.933093001995832
8029.000000001143 0.933093001995832
8030.000000001144 0.933093001995832
8031.000000001144 0.933093001995832
8032.000000001144 0.933093001995832
8033.000000001144 0.933093001995832
8034.000000001144 0.933093001995832
8035.000000001145 0.933093001995832
8036.000000001145 0.9330930019953229
8037.000000001145 0.9326482013058118
8038.000000001146 0.9322034006146585
8039.000000001146 0.9303253532589465
8040.000000001146 0.9284473059032345
8041.000000001146 0.9265692585475226
8042.000000001146 0.9246912111918106
8043.000000001147 0.9228131638360977
8044.000000001147 0.9209351164804414
8045.000000001147 0.9191064914235638
8046.000000001148 0.9172778663666298
8047.000000001148 0.9153998190109167
8048.000000001148 0.9135217716552037
8049.000000001148 0.9116437242994917
8050.000000001148 0.9097656769437797
8051.000000001149 0.9078876295880678
8052.000000001149 0.9060095822323558
8053.000000001149 0.9041315348766429
8054.00000000115 0.9022534875209867
8055.00000000115 0.9004248624641092
8056.00000000115 0.8985962374071751
8057.00000000115 0.896718190051462
8058.00000000115 0.8948401426957491
8059.0000000011505 0.892962095340037
8060.0000000011505 0.8910840479843251
8061.0000000011505 0.8892060006286131
8062.000000001151 0.8873279532729581
8063.000000001151 0.8854993282160796
8064.000000001151 0.8836707031591442
8065.000000001151 0.8817926558034322
8066.000000001151 0.8799146084477203
8067.000000001152 0.8780365610920072
8068.000000001152 0.8761585137362943
8069.000000001152 0.8742804663805823
8070.000000001153 0.8724024190249274
8071.000000001153 0.87057379396805
8072.000000001153 0.8687451689095202
8073.000000001153 0.8654832971864398
8074.000000001153 0.8622214254627889
8075.000000001154 0.8584653307513651
8076.000000001154 0.8547092360399982
8077.000000001154 0.8510025636274067
8078.000000001155 0.847295891214758
8079.000000001155 0.8435397965033342
8080.000000001155 0.8397837017919103
8081.000000001155 0.8360276070804864
8082.000000001155 0.8322715123691197
8083.000000001156 0.8285648399565282
8084.000000001156 0.8248581675438795
8085.000000001156 0.8211020728324555
8086.000000001157 0.8173459781210888
8087.000000001157 0.8136393057084974
8088.000000001157 0.8099326332958487
8089.000000001157 0.8061765385844248
8090.000000001157 0.8024204438730581
8091.000000001158 0.7987137714604686
8092.000000001158 0.7950070990478222
8093.000000001158 0.7912510043363961
8094.000000001159 0.7874949096250272
8095.000000001159 0.783788237212438
8096.000000001159 0.7800815647997914
8097.000000001159 0.7763254700883653
8098.000000001159 0.7725693753769965
8099.00000000116 0.7688627029644071
8100.00000000116 0.7651560305517605
8101.00000000116 0.7613999358403366
8102.0000000011605 0.75764384112897
8103.0000000011605 0.7539371687163785
8104.0000000011605 0.7502304963037297
8105.0000000011605 0.7464744015923058
8106.0000000011605 0.7427183068809392
8107.000000001161 0.7390116344683477
8108.000000001161 0.7353049620556988
8109.000000001161 0.7315488673442749
8110.000000001162 0.7277927726329084
8111.000000001162 0.7240861002203192
8112.000000001162 0.7203794278076723
8113.000000001162 0.7166233330962462
8114.000000001162 0.7128672383848776
8115.000000001163 0.7091605659722883
8116.000000001163 0.7054538935596415
8117.000000001163 0.7016977988482155
8118.000000001164 0.6979417041368469
8119.000000001164 0.6942350317242576
8120.000000001164 0.6905283593116106
8121.000000001164 0.6867722646001867
8122.000000001164 0.6830161698888203
8123.000000001165 0.6793094974762289
8124.000000001165 0.6756028250635798
8125.000000001165 0.6718467303521559
8126.000000001166 0.6680906356407896
8127.000000001166 0.664383963228198
8128.000000001166 0.6606772908155489
8129.000000001166 0.6569211961041251
8130.000000001166 0.6531651013927012
8131.000000001167 0.6494090066812773
8132.000000001167 0.6456529119699111
8133.000000001167 0.6419462395573197
8134.000000001168 0.6382395671446704
8135.000000001168 0.6344834724332464
8136.000000001168 0.6307273777218803
8137.000000001168 0.6270207053092888
8138.000000001168 0.6233140328966396
8139.000000001169 0.6195579381852157
8140.000000001169 0.6158018434738496
8141.000000001169 0.6120951710612601
8142.00000000117 0.608388498648613
8143.00000000117 0.604632403937187
8144.00000000117 0.6008763092258187
8145.00000000117 0.5971696368132294
8146.00000000117 0.5934629644005823
8147.0000000011705 0.5897068696891562
8148.0000000011705 0.585950774977788
8149.0000000011705 0.5822441025651988
8150.000000001171 0.5785374301525514
8151.000000001171 0.5747813354411275
8152.000000001171 0.5710252407297615
8153.000000001171 0.56731856831717
8154.000000001171 0.5636118959045207
8155.000000001172 0.5598558011930967
8156.000000001172 0.5560997064817307
8157.000000001172 0.5523930340691392
8158.000000001173 0.5486863616564898
8159.000000001173 0.5449302669450659
8160.000000001173 0.5411741722336999
8161.000000001173 0.5374674998211106
8162.000000001173 0.5337608274084632
8163.000000001174 0.5300047326970372
8164.000000001174 0.5262486379856691
8165.000000001174 0.5225419655730797
8166.000000001175 0.5188352931604324
8167.000000001175 0.5150791984490063
8168.000000001175 0.5113231037376383
8169.000000001175 0.5076164313250491
8170.000000001175 0.5039097589124016
8171.000000001176 0.5001536642009776
8172.000000001176 0.4963975694896118
8173.000000001176 0.49269089707702035
8174.000000001177 0.4889842246643707
8175.000000001177 0.48522812995294684
8176.000000001177 0.48147203524158105
8177.000000001177 0.4777653628289896
8178.000000001177 0.4740586904163399
8179.000000001178 0.470302595704916
8180.000000001178 0.46654650099349204
8181.000000001178 0.4627904062820682
8182.000000001179 0.4590343115707025
8183.000000001179 0.455327639158111
8184.000000001179 0.4516209667454613
8185.000000001179 0.44786487203403735
8186.000000001179 0.44410877732267173
8187.00000000118 0.44040210491008025
8188.00000000118 0.43669543249743054
8189.00000000118 0.4329393377860066
8190.0000000011805 0.429183243074641
8191.0000000011805 0.42547657066205163
8192.00000000118 0.421769898249404
8193.00000000118 0.4180138035379779
8194.00000000118 0.4142577088266102
8195.00000000118 0.41055103641402085
8196.000000001182 0.40684436400137314
8197.000000001182 0.40308826928994707
8198.000000001182 0.3993321745785795
8199.000000001182 0.3956255021659901
8200.000000001182 0.3919188297533423
8201.000000001182 0.38816273504191845
8202.000000001182 0.38440664033055294
8203.000000001182 0.38069996791796146
8204.000000001182 0.37699329550531147
8205.000000001184 0.3732372007938876
8206.000000001184 0.36948110608252216
8207.000000001184 0.3657744336699307
8208.000000001184 0.36206776125728063
8209.000000001184 0.3583116665458568
8210.000000001184 0.3545555718344914
8211.000000001184 0.350848899421902
8212.000000001186 0.34714222700925407
8213.000000001186 0.34338613229782805
8214.000000001186 0.33963003758646065
8215.000000001186 0.3359233651738712
8216.000000001186 0.3322166927612233
8217.000000001186 0.3284605980497972
8218.000000001186 0.3247045033384299
8219.000000001186 0.32099783092584044
8220.000000001186 0.31729115851319245
8221.000000001188 0.31353506380176854
8222.000000001188 0.3097789690904033
8223.000000001188 0.30607229667781183
8224.000000001188 0.3023656242651616
8225.000000001188 0.2986095295537377
8226.000000001188 0.29485343484237253
8227.000000001188 0.29114676242978105
8228.00000000119 0.2874400900171308
8229.00000000119 0.2836839953057069
8230.00000000119 0.279927900594283
8231.00000000119 0.2761718058828591
8232.00000000119 0.272415711171494
8233.00000000119 0.2687090387589025
8234.00000000119 0.2650023663462522
8235.00000000119 0.2612462716348283
8236.00000000119 0.2574901769234632
8237.000000001191 0.2537835045108718
8238.000000001191 0.25007683209822135
8239.000000001191 0.24632073738679747
8240.000000001191 0.24256464267543246
8241.000000001191 0.23885797026284306
8242.000000001191 0.2351512978501948
8243.000000001191 0.23139520313876877
8244.000000001193 0.2276391084274017
8245.000000001193 0.2239324360148123
8246.000000001193 0.22022576360216398
8247.000000001193 0.21646966889073793
8248.000000001193 0.21271357417937092
8249.000000001193 0.20900690176678155
8250.000000001193 0.20530022935413317
8251.000000001193 0.2015441346427093
8252.000000001193 0.19778803993134436
8253.000000001195 0.19408136751875288
8254.000000001195 0.19037469510610233
8255.000000001195 0.18661860039467845
8256.000000001195 0.18286250568331358
8257.000000001195 0.17915583327072213
8258.000000001195 0.1754491608580715
8259.000000001195 0.17169306614664762
8260.000000001197 0.16793697143528283
8261.000000001197 0.16423029902269345
8262.000000001197 0.16052362661004496
8263.000000001197 0.15676753189861892
8264.000000001197 0.15301143718725205
8265.000000001197 0.14930476477466267
8266.000000001197 0.14559809236201415
8267.000000001197 0.1418419976505881
8268.000000001197 0.1380859029392213
8269.000000001199 0.13437923052663192
8270.000000001199 0.13067255811398334
8271.000000001199 0.12691646340255944
8272.000000001199 0.12316036869119475
8273.000000001199 0.11945369627860328
8274.000000001199 0.11574702386595251
8275.000000001199 0.11199092915452862
8276.0000000012 0.108234834443164
8277.0000000012 0.1045281620305725
8278.0000000012 0.10082148961792167
8279.0000000012 0.09706539490649778
8280.0000000012 0.09330930019732855
8281.0000000012 0.0914312528416166
8282.0000000012 0.08955320548590465
8283.0000000012 0.08767515813019164
8284.0000000012 0.08579711077453801
8285.000000001202 0.08396848571766058
8286.000000001202 0.08213986066072375
8287.000000001202 0.08026181330501074
8288.000000001202 0.07838376594929772
8289.000000001202 0.07650571859358576
8290.000000001202 0.07462767123787382
8291.000000001202 0.07274962388216187
8292.000000001204 0.07087157652650937
8293.000000001204 0.06904295146963091
8294.000000001204 0.06721432641269295
8295.000000001204 0.06533627905698099
8296.000000001204 0.06345823170126903
8297.000000001204 0.06158018434555602
8298.000000001204 0.059702136989843
8299.000000001204 0.057824089634131055
8300.000000001204 0.055946042278478665
8301.000000001206 0.05411741722160124
8302.000000001206 0.052288792164664255
8303.000000001206 0.05041074480895124
8304.000000001206 0.04853269745323822
8305.000000001206 0.04665465009752627
8306.000000001206 0.04477660274181432
8307.000000001206 0.0428985553861013
8308.000000001208 0.04102050803044796
8309.000000001208 0.03919188297357053
8310.000000001208 0.03736325791663343
8311.000000001208 0.035485210560921486
8312.000000001208 0.03360716320520954
8313.000000001208 0.03172911584949652
8314.000000001208 0.0298510684937835
8315.000000001208 0.027973021138071548
8316.000000001208 0.026094973782419324
8317.00000000121 0.02426634872554086
8318.00000000121 0.022437723668602614
8319.00000000121 0.020559676312890664
8320.00000000121 0.018681628957178713
8321.00000000121 0.016803581601466763
8322.00000000121 0.014925534245754813
8323.00000000121 0.013047486890041794
8324.000000001211 0.011169439534388615
8325.000000001211 0.009340814477511191
8326.000000001211 0.007512189420573926
8327.000000001211 0.005634142064860908
8328.000000001211 0.003756094709147891
8329.000000001211 0.0018780473534359414
8330.000000001211 0.0
8331.000000001211 0.0
8332.000000001211 0.0
8333.000000001213 0.0
8334.000000001213 0.0
8335.000000001213 0.0
8336.000000001213 0.0
8337.000000001213 0.0
8338.000000001213 0.0
8339.000000001213 0.0
8340.000000001215 0.0
8341.000000001215 0.0
8342.000000001215 0.0
8343.000000001215 0.0
8344.000000001215 0.0
8345.000000001215 0.0
8346.000000001215 0.0
8347.000000001215 0.0
8348.000000001215 0.0
8349.000000001217 0.0
8350.000000001217 0.0
8351.000000001217 0.0
8352.000000001217 0.0
8353.000000001217 0.0
8354.000000001217 0.0
8355.000000001217 0.0
8356.000000001219 0.0
8357.000000001219 0.0
8358.000000001219 0.0
8359.000000001219 0.0
8360.000000001219 0.0
8361.000000001219 0.0
8362.000000001219 0.0
8363.000000001219 0.0
8364.000000001219 0.0
8365.00000000122 0.0
8366.00000000122 0.0
8367.00000000122 0.0
8368.00000000122 0.0
8369.00000000122 0.0
8370.00000000122 0.0
8371.00000000122 0.0
8372.000000001222 0.0
8373.000000001222 0.0
8374.000000001222 0.0
8375.000000001222 0.0
8376.000000001222 0.0
8377.000000001222 0.0
8378.000000001222 0.0
8379.000000001222 0.0
8380.000000001222 0.0
8381.000000001224 0.0
8382.000000001224 0.0
8383.000000001224 0.0
8384.000000001224 0.0
8385.000000001224 0.0
8386.000000001224 0.0
8387.000000001224 0.0
8388.000000001226 0.0
8389.000000001226 0.0
8390.000000001226 0.0
8391.000000001226 0.0
8392.000000001226 0.0
8393.000000001226 0.0
8394.000000001226 0.0
8395.000000001226 0.0
8396.000000001226 0.0
8397.000000001228 0.0
8398.000000001228 0.0
8399.000000001228 0.0
8400.000000001228 0.0
