3350.0 0.0
3351.0 0.0
3352.0000000000005 0.0
3353.000000000001 0.0
3354.000000000001 0.0
3355.000000000001 0.0
3356.0000000000014 0.0
3357.000000000002 0.0
3358.000000000002 0.0
3359.000000000002 0.0
3360.0000000000023 0.0
3361.0000000000027 0.0
3362.0000000000027 0.0
3363.0000000000027 0.0
3364.000000000003 0.0
3365.0000000000036 0.0
3366.0000000000036 0.0
3367.0000000000036 0.0
3368.000000000004 0.0
3369.0000000000045 0.0
3370.0000000000045 0.0
3371.0000000000045 0.0
3372.000000000005 0.0
3373.0000000000055 0.0
3374.0000000000055 0.0
3375.0000000000055 0.0
3376.000000000006 0.0
3377.0000000000064 0.0
3378.0000000000064 0.0
3379.0000000000064 0.0
3380.000000000007 0.0
3381.0000000000073 0.0
3382.0000000000073 0.0
3383.0000000000073 0.0
3384.0000000000077 0.0
3385.000000000008 0.0
3386.000000000008 0.0
3387.000000000008 0.0
3388.0000000000086 0.0
3389.000000000009 0.0
3390.000000000009 0.0
3391.000000000009 0.0
3392.0000000000095 0.0
3393.00000000001 0.0
3394.00000000001 0.0
3395.00000000001 0.0
3396.0000000000105 0.0
3397.000000000011 0.0
3398.000000000011 0.0
3399.000000000011 0.0
3400.0000000000114 0.0
3401.000000000012 0.0
3402.000000000012 0.0
3403.000000000012 0.0
3404.0000000000123 0.0
3405.0000000000127 0.0
3406.0000000000127 0.0
3407.0000000000127 0.0
3408.000000000013 0.0
3409.0000000000136 0.0
3410.0000000000136 0.0
3411.0000000000136 0.0
3412.000000000014 0.0
3413.0000000000146 0.0
3414.0000000000146 0.0
3415.0000000000146 0.0
3416.000000000015 0.0
3417.0000000000155 0.0
3418.0000000000155 0.0
3419.0000000000155 0.0
3420.000000000016 0.0
3421.0000000000164 0.0
3422.0000000000164 0.0
3423.0000000000164 0.0
3424.000000000017 0.0
3425.0000000000173 0.0
3426.0000000000173 0.0
3427.0000000000173 0.0
3428.0000000000177 0.0
3429.000000000018 0.0
3430.000000000018 0.0
3431.000000000018 0.0
3432.0000000000186 0.0
3433.000000000019 0.0
3434.000000000019 0.0
3435.000000000019 0.0
3436.0000000000196 0.0
3437.00000000002 0.0
3438.00000000002 0.0
3439.00000000002 0.0
3440.0000000000205 0.0
3441.000000000021 0.0
3442.000000000021 0.0
3443.000000000021 0.0
3444.0000000000214 0.0
3445.000000000022 0.0
3446.000000000022 0.0
3447.000000000022 0.0
3448.0000000000223 0.0
3449.0000000000227 0.0
3450.0000000000227 0.0
3451.0000000000227 0.0
3452.000000000023 0.0
3453.0000000000236 0.0
3454.0000000000236 0.0
3455.0000000000236 0.0
3456.000000000024 0.0
3457.0000000000246 0.0
3458.0000000000246 0.0
3459.0000000000246 0.0
3460.000000000025 0.0
3461.0000000000255 0.0
3462.0000000000255 0.0
3463.0000000000255 0.0
3464.000000000026 0.0
3465.0000000000264 0.0
3466.0000000000264 0.0
3467.0000000000264 0.0
3468.000000000027 0.0
3469.0000000000273 0.0
3470.0000000000273 0.0
3471.0000000000273 0.0
3472.0000000000277 0.0
3473.000000000028 0.0
3474.000000000028 0.0
3475.000000000028 0.0
3476.0000000000286 0.0
3477.000000000029 0.0
3478.000000000029 0.0
3479.000000000029 0.0
3480.0000000000296 0.0
3481.00000000003 0.0
3482.00000000003 0.0
3483.00000000003 0.0
3484.0000000000305 0.0
3485.000000000031 0.0
3486.000000000031 0.0
3487.000000000031 0.0
3488.0000000000314 0.0
3489.000000000032 0.0
3490.000000000032 0.0
3491.000000000032 0.0
3492.0000000000323 0.0
3493.0000000000327 0.0
3494.0000000000327 0.0
3495.0000000000327 0.0
3496.000000000033 0.0
3497.0000000000337 0.0
3498.0000000000337 0.0
3499.0000000000337 0.0
3500.000000000034 0.0
3501.0000000000346 0.0
3502.0000000000346 0.0
3503.0000000000346 0.0
3504.000000000035 0.0
3505.0000000000355 0.0
3506.0000000000355 0.0
3507.0000000000355 0.0
3508.000000000036 0.0
3509.0000000000364 0.0
3510.0000000000364 0.0
3511.0000000000364 0.0
3512.000000000037 0.0
3513.0000000000373 0.0
3514.0000000000373 0.0
3515.0000000000373 0.0
3516.0000000000377 0.0
3517.000000000038 0.0
3518.000000000038 0.0
3519.000000000038 0.0
3520.0000000000387 0.0
3521.000000000039 0.0
3522.000000000039 0.0
3523.000000000039 0.0
3524.0000000000396 0.0
3525.00000000004 0.0
3526.00000000004 0.0
3527.00000000004 0.0
3528.0000000000405 0.0
3529.000000000041 0.0
3530.000000000041 0.0
3531.000000000041 0.0
3532.0000000000414 0.0
3533.000000000042 0.0
3534.000000000042 0.0
3535.000000000042 0.0
3536.0000000000423 0.0
3537.0000000000427 0.0
3538.0000000000427 0.0
3539.0000000000427 0.0
3540.000000000043 0.0
3541.0000000000437 0.0
3542.0000000000437 0.0
3543.0000000000437 0.0
3544.000000000044 0.0
3545.0000000000446 0.0
3546.0000000000446 0.0
3547.0000000000446 0.0
3548.000000000045 0.0
3549.0000000000455 0.0
3550.0000000000455 0.0
3551.0000000000455 0.0
3552.000000000046 0.0
3553.0000000000464 0.0
3554.0000000000464 0.0
3555.0000000000464 0.0
3556.000000000047 0.0
3557.0000000000473 0.0
3558.0000000000473 0.0
3559.0000000000473 0.0
3560.0000000000477 0.0
3561.000000000048 0.0
3562.000000000048 0.0
3563.000000000048 0.0
3564.0000000000487 0.0
3565.000000000049 0.0
3566.000000000049 0.0
3567.000000000049 0.0
3568.0000000000496 0.0
3569.00000000005 0.0
3570.00000000005 0.0
3571.00000000005 0.0
3572.0000000000505 0.0
3573.000000000051 0.0
3574.000000000051 0.0
3575.000000000051 0.0
3576.0000000000514 0.0
3577.000000000052 0.0
3578.000000000052 0.0
3579.000000000052 0.0
3580.0000000000523 0.0
3581.0000000000528 0.0
3582.0000000000528 0.0
3583.0000000000528 0.0
3584.000000000053 0.0
3585.0000000000537 0.0
3586.0000000000537 0.0
3587.0000000000537 0.0
3588.000000000054 0.0
3589.0000000000546 0.0
3590.0000000000546 0.0
3591.0000000000546 0.0
3592.000000000055 0.0
3593.0000000000555 0.0
3594.0000000000555 0.0
3595.0000000000555 0.0
3596.000000000056 0.0
3597.0000000000564 0.0
3598.0000000000564 0.0
3599.0000000000564 0.0
3600.000000000057 0.0
3601.0000000000573 0.0
3602.0000000000573 0.0
3603.0000000000573 0.0
3604.0000000000578 0.0
3605.000000000058 0.0
3606.000000000058 0.0
3607.000000000058 0.0
3608.0000000000587 0.0
3609.000000000059 0.0
3610.000000000059 0.0
3611.000000000059 0.0
3612.0000000000596 0.0
3613.00000000006 0.0
3614.00000000006 0.0
3615.00000000006 0.0
3616.0000000000605 0.0
3617.000000000061 0.0
3618.000000000061 0.0
3619.000000000061 0.0
3620.0000000000614 0.0
3621.000000000062 0.0
3622.000000000062 0.0
3623.000000000062 0.0
3624.0000000000623 0.0
3625.0000000000628 0.0
3626.0000000000628 0.0
3627.0000000000628 0.0
3628.000000000063 0.0
3629.0000000000637 0.0
3630.0000000000637 0.0
3631.0000000000637 0.0
3632.000000000064 0.0
3633.0000000000646 0.0
3634.0000000000646 0.0
3635.0000000000646 0.0
3636.000000000065 0.0
3637.0000000000655 0.0
3638.0000000000655 0.0
3639.0000000000655 0.0
3640.000000000066 0.0
3641.0000000000664 0.0
3642.0000000000664 0.0
3643.0000000000664 0.0
3644.000000000067 0.0
3645.0000000000673 0.0
3646.0000000000673 0.0
3647.0000000000673 0.0
3648.0000000000678 0.0
3649.000000000068 0.0
3650.000000000068 0.0
3651.000000000068 0.0
3652.0000000000687 0.0
3653.000000000069 0.0
3654.000000000069 0.0
3655.000000000069 0.0
3656.0000000000696 0.0
3657.00000000007 0.0
3658.00000000007 0.0
3659.00000000007 0.0
3660.0000000000705 0.0
3661.000000000071 0.0
3662.000000000071 0.0
3663.000000000071 0.0
3664.0000000000714 0.0
3665.000000000072 0.0
3666.000000000072 0.0
3667.000000000072 0.0
3668.0000000000723 0.0
3669.0000000000728 0.0
3670.0000000000728 0.0
3671.0000000000728 0.0
3672.000000000073 0.0
3673.0000000000737 0.0
3674.0000000000737 0.0
3675.0000000000737 0.0
3676.000000000074 0.0
3677.0000000000746 0.0
3678.0000000000746 0.0
3679.0000000000746 0.0
3680.000000000075 0.0
3681.0000000000755 0.0
3682.0000000000755 0.0
3683.0000000000755 0.0
3684.000000000076 0.0
3685.0000000000764 0.0
3686.0000000000764 0.0
3687.0000000000764 0.0
3688.000000000077 0.0
3689.0000000000773 0.0
3690.0000000000773 0.0
3691.0000000000773 0.0
3692.0000000000778 0.0
3693.000000000078 0.0
3694.000000000078 0.0
3695.000000000078 0.0
3696.0000000000787 0.0
3697.000000000079 0.0
3698.000000000079 0.0
3699.000000000079 0.0
3700.0000000000796 0.0
3701.00000000008 0.0
3702.00000000008 0.0
3703.00000000008 0.0
3704.0000000000805 0.0
3705.000000000081 0.0
3706.000000000081 0.0
3707.000000000081 0.0
3708.0000000000814 0.0
3709.000000000082 0.0
3710.000000000082 0.0
3711.000000000082 0.0
3712.0000000000823 0.0
3713.0000000000828 0.0
3714.0000000000828 0.0
3715.0000000000828 0.0
3716.000000000083 0.0
3717.0000000000837 0.0
3718.0000000000837 0.0
3719.0000000000837 0.0
3720.000000000084 0.0
3721.0000000000846 0.0
3722.0000000000846 0.0
3723.0000000000846 0.0
3724.000000000085 0.0
3725.0000000000855 0.0
3726.0000000000855 0.0
3727.0000000000855 0.0
3728.000000000086 0.0
3729.0000000000864 0.0
3730.0000000000864 0.0
3731.0000000000864 0.0
3732.000000000087 0.0
3733.0000000000873 0.0
3734.0000000000873 0.0
3735.0000000000873 0.0
3736.0000000000878 0.0
3737.000000000088 0.0
3738.000000000088 0.0
3739.000000000088 0.0
3740.0000000000887 0.0
3741.000000000089 0.0
3742.000000000089 0.0
3743.000000000089 0.0
3744.0000000000896 0.0
3745.00000000009 0.0
3746.00000000009 0.0
3747.00000000009 0.0
3748.0000000000905 0.0
3749.000000000091 0.0
3750.000000000091 0.0
3751.000000000091 0.0
3752.0000000000914 0.0
3753.000000000092 0.0
3754.000000000092 0.0
3755.000000000092 0.0
3756.0000000000923 0.0
3757.0000000000928 0.0
3758.0000000000928 0.0
3759.0000000000928 0.0
3760.000000000093 0.0
3761.0000000000937 0.0
3762.0000000000937 0.0
3763.0000000000937 0.0
3764.000000000094 0.0
3765.0000000000946 0.0
3766.0000000000946 0.0
3767.0000000000946 0.0
3768.000000000095 0.0
3769.0000000000955 0.0
3770.0000000000955 0.0
3771.0000000000955 0.0
3772.000000000096 0.0
3773.0000000000964 0.0
3774.0000000000964 0.0
3775.0000000000964 0.0
3776.000000000097 0.0
3777.0000000000973 0.0
3778.0000000000973 0.0
3779.0000000000973 0.0
3780.0000000000978 0.0
3781.000000000098 0.0
3782.000000000098 0.0
3783.000000000098 0.0
3784.0000000000987 0.0
3785.000000000099 0.0
3786.000000000099 0.0
3787.000000000099 0.0
3788.0000000000996 0.0
3789.0000000001 0.0
3790.0000000001 0.0
3791.0000000001 0.0
3792.0000000001005 0.0
3793.000000000101 0.0
3794.000000000101 0.0
3795.000000000101 0.0
3796.0000000001014 0.0
3797.000000000102 0.0
3798.000000000102 0.0
3799.000000000102 0.0
3800.0000000001023 0.0
3801.000000000103 0.0
3802.000000000103 0.0
3803.000000000103 0.0
3804.0000000001032 0.0
3805.0000000001037 0.0
3806.0000000001037 0.0
3807.0000000001037 0.0
3808.000000000104 0.0
3809.0000000001046 0.0
3810.0000000001046 0.0
3811.0000000001046 0.0
3812.000000000105 0.0
3813.0000000001055 0.0
3814.0000000001055 0.0
3815.0000000001055 0.0
3816.000000000106 0.0
3817.0000000001064 0.0
3818.0000000001064 0.0
3819.0000000001064 0.0
3820.000000000107 0.0
3821.0000000001073 0.0
3822.0000000001073 0.0
3823.0000000001073 0.0
3824.000000000108 0.0
3825.0000000001082 0.0
3826.0000000001082 0.0
3827.0000000001082 0.0
3828.0000000001087 0.0
3829.000000000109 0.0
3830.000000000109 0.0
3831.000000000109 0.0
3832.0000000001096 0.0
3833.00000000011 0.0
3834.00000000011 0.0
3835.00000000011 0.0
3836.0000000001105 0.0
3837.000000000111 0.0
3838.000000000111 0.0
3839.000000000111 0.0
3840.0000000001114 0.0
3841.000000000112 0.0
3842.000000000112 0.0
3843.000000000112 0.0
3844.0000000001123 0.0
3845.000000000113 0.0
3846.000000000113 0.0
3847.000000000113 0.0
3848.0000000001132 0.0
3849.0000000001137 0.0
3850.0000000001137 0.0
3851.0000000001137 0.0
3852.000000000114 0.0
3853.0000000001146 0.0
3854.0000000001146 0.0
3855.0000000001146 0.0
3856.000000000115 0.0
3857.0000000001155 0.0
3858.0000000001155 0.0
3859.0000000001155 0.0
3860.000000000116 0.0
3861.0000000001164 0.0
3862.0000000001164 0.0
3863.0000000001164 0.0
3864.000000000117 0.0
3865.0000000001173 0.0
3866.0000000001173 0.0
3867.0000000001173 0.0
3868.000000000118 0.0
3869.0000000001182 0.0
3870.0000000001182 0.0
3871.0000000001182 0.0
3872.0000000001187 0.0
3873.000000000119 0.0
3874.000000000119 0.0
3875.000000000119 0.0
3876.0000000001196 0.0
3877.00000000012 0.0
3878.00000000012 0.0
3879.00000000012 0.0
3880.0000000001205 0.0
3881.000000000121 0.0
3882.000000000121 0.0
3883.000000000121 0.0
3884.0000000001214 0.0
3885.000000000122 0.0
3886.000000000122 0.0
3887.000000000122 0.0
3888.0000000001223 0.0
3889.000000000123 0.0
3890.000000000123 0.0
3891.000000000123 0.0
3892.0000000001232 0.0
3893.0000000001237 0.0
3894.0000000001237 0.0
3895.0000000001237 0.0
3896.000000000124 0.0
3897.0000000001246 0.0
3898.0000000001246 0.0
3899.0000000001246 0.0
3900.000000000125 0.0
3901.0000000001255 0.0
3902.0000000001255 0.0
3903.0000000001255 0.0
3904.000000000126 0.0
3905.0000000001264 0.0
3906.0000000001264 0.0
3907.0000000001264 0.0
3908.000000000127 0.0
3909.0000000001273 0.0
3910.0000000001273 0.0
3911.0000000001273 0.0
3912.000000000128 0.0
3913.0000000001282 0.0
3914.0000000001282 0.0
3915.0000000001282 0.0
3916.0000000001287 0.0
3917.000000000129 0.0
3918.000000000129 0.0
3919.000000000129 0.0
3920.0000000001296 0.0
3921.00000000013 0.0
3922.00000000013 0.0
3923.00000000013 0.0
3924.0000000001305 0.0
3925.000000000131 0.0
3926.000000000131 0.0
3927.000000000131 0.0
3928.0000000001314 0.0
3929.000000000132 0.0
3930.000000000132 0.0
3931.000000000132 0.0
3932.0000000001323 0.0
3933.000000000133 0.0
3934.000000000133 0.0
3935.000000000133 0.0
3936.0000000001332 0.0
3937.0000000001337 0.0
3938.0000000001337 0.0
3939.0000000001337 0.0
3940.000000000134 0.0
3941.0000000001346 0.0
3942.0000000001346 0.0
3943.0000000001346 0.0
3944.000000000135 0.0
3945.0000000001355 0.0
3946.0000000001355 0.0
3947.0000000001355 0.0
3948.000000000136 0.0
3949.0000000001364 0.0
3950.0000000001364 0.0
3951.0000000001364 0.0
3952.000000000137 0.0
3953.0000000001373 0.0
3954.0000000001373 0.0
3955.0000000001373 0.0
3956.000000000138 0.0
3957.0000000001382 0.0
3958.0000000001382 0.0
3959.0000000001382 0.0
3960.0000000001387 0.0
3961.000000000139 0.0
3962.000000000139 0.0
3963.000000000139 0.0
3964.0000000001396 0.0
3965.00000000014 0.0
3966.00000000014 0.0
3967.00000000014 0.0
3968.0000000001405 0.0
3969.000000000141 0.0
3970.000000000141 0.0
3971.000000000141 0.0
3972.0000000001414 0.0
3973.000000000142 0.0
3974.000000000142 0.0
3975.000000000142 0.0
3976.0000000001423 0.0
3977.000000000143 0.0
3978.000000000143 0.0
3979.000000000143 0.0
3980.0000000001432 0.0
3981.0000000001437 0.0
3982.0000000001437 0.0
3983.0000000001437 0.0
3984.000000000144 0.0
3985.0000000001446 0.0
3986.0000000001446 0.0
3987.0000000001446 0.0
3988.000000000145 0.0
3989.0000000001455 0.0
3990.0000000001455 0.0
3991.0000000001455 0.0
3992.000000000146 0.0
3993.0000000001464 0.0
3994.0000000001464 0.0
3995.0000000001464 0.0
3996.000000000147 0.0
3997.0000000001473 0.0
3998.0000000001473 0.0
3999.0000000001473 0.0
4000.000000000148 0.0
4001.0000000001482 0.0
4002.0000000001482 0.0
4003.0000000001482 0.0
4004.0000000001487 0.0
4005.000000000149 0.0
4006.000000000149 0.0
4007.000000000149 0.0
4008.0000000001496 0.0
4009.00000000015 0.0
4010.00000000015 0.0
4011.00000000015 0.0
4012.0000000001505 0.0
4013.000000000151 0.0
4014.000000000151 0.0
4015.000000000151 0.0
4016.0000000001514 0.0
4017.000000000152 0.0
4018.000000000152 0.0
4019.000000000152 0.0
4020.0000000001523 0.0
4021.000000000153 0.0
4022.000000000153 0.0
4023.000000000153 0.0
4024.0000000001532 0.0
4025.0000000001537 0.0
4026.0000000001537 0.0
4027.0000000001537 0.0
4028.000000000154 0.0
4029.0000000001546 0.0
4030.0000000001546 0.0
4031.0000000001546 0.0
4032.000000000155 0.0
4033.0000000001555 0.0
4034.0000000001555 0.0
4035.0000000001555 0.0
4036.000000000156 0.0
4037.0000000001564 0.0
4038.0000000001564 0.0
4039.0000000001564 0.0
4040.000000000157 0.0
4041.0000000001573 0.0
4042.0000000001573 0.0
4043.0000000001573 0.0
4044.000000000158 0.0
4045.0000000001583 0.0
4046.0000000001583 0.0
4047.0000000001583 0.0
4048.0000000001587 0.0
4049.000000000159 0.0
4050.000000000159 0.0
4051.000000000159 0.0
4052.0000000001596 0.0
4053.00000000016 0.0
4054.00000000016 0.0
4055.00000000016 0.0
4056.0000000001605 0.0
4057.000000000161 0.0
4058.000000000161 0.0
4059.000000000161 0.0
4060.0000000001614 0.0
4061.000000000162 0.0
4062.000000000162 0.0
4063.000000000162 0.0
4064.0000000001623 0.0
4065.000000000163 0.0
4066.000000000163 0.0
4067.000000000163 0.0
4068.0000000001633 0.0
4069.0000000001637 0.0
4070.0000000001637 0.0
4071.0000000001637 0.0
4072.000000000164 0.0
4073.0000000001646 0.0
4074.0000000001646 0.0
4075.0000000001646 0.0
4076.000000000165 0.0
4077.0000000001655 0.0
4078.0000000001655 0.0
4079.0000000001655 0.0
4080.000000000166 0.0
4081.0000000001664 0.0
4082.0000000001664 0.0
4083.0000000001664 0.0
4084.000000000167 0.0
4085.0000000001673 0.0
4086.0000000001673 0.0
4087.0000000001673 0.0
4088.000000000168 0.0
4089.0000000001683 0.0
4090.0000000001683 0.0
4091.0000000001683 0.0
4092.0000000001687 0.0
4093.000000000169 0.0
4094.000000000169 0.0
4095.000000000169 0.0
4096.000000000169 0.0
4097.00000000017 0.0
4098.00000000017 0.0
4099.00000000017 0.0
4100.000000000171 0.0
4101.000000000171 0.0
4102.000000000171 0.0
4103.000000000171 0.0
4104.000000000171 0.0
4105.000000000172 0.0
4106.000000000172 0.0
4107.000000000172 0.0
4108.000000000173 0.0
4109.000000000173 0.0
4110.000000000173 0.0
4111.000000000173 0.0
4112.000000000173 0.0
4113.000000000174 0.0
4114.000000000174 0.0
4115.000000000174 0.0
4116.000000000175 0.0
4117.000000000175 0.0
4118.000000000175 0.0
4119.000000000175 0.0
4120.000000000175 0.0
4121.0000000001755 0.0
4122.0000000001755 0.0
4123.0000000001755 0.0
4124.000000000176 0.0
4125.000000000176 0.0
4126.000000000176 0.0
4127.000000000176 0.0
4128.000000000176 0.0
4129.000000000177 0.0
4130.000000000177 0.0
4131.000000000177 0.0
4132.000000000178 0.0
4133.000000000178 0.0
4134.000000000178 0.0
4135.000000000178 0.0
4136.000000000178 0.0
4137.000000000179 0.0
4138.000000000179 0.0
4139.000000000179 0.0
4140.00000000018 0.0
4141.00000000018 0.0
4142.00000000018 0.0
4143.00000000018 0.0
4144.00000000018 0.0
4145.000000000181 0.0
4146.000000000181 0.0
4147.000000000181 0.0
4148.000000000182 0.0
4149.000000000182 0.0
4150.000000000182 0.0
4151.000000000182 0.0
4152.000000000182 0.0
4153.000000000183 0.0
4154.000000000183 0.0
4155.000000000183 0.0
4156.000000000184 0.0
4157.000000000184 0.0
4158.000000000184 0.0
4159.000000000184 0.0
4160.000000000184 0.0
4161.000000000185 0.0
4162.000000000185 0.0
4163.000000000185 0.0
4164.0000000001855 0.0
4165.0000000001855 0.0
4166.0000000001855 0.0
4167.0000000001855 0.0
4168.0000000001855 0.0
4169.000000000186 0.0
4170.000000000186 0.0
4171.000000000186 0.0
4172.000000000187 0.0
4173.000000000187 0.0
4174.000000000187 0.0
4175.000000000187 0.0
4176.000000000187 0.0
4177.000000000188 0.0
4178.000000000188 0.0
4179.000000000188 0.0
4180.000000000189 0.0
4181.000000000189 0.0
4182.000000000189 0.0
4183.000000000189 0.0
4184.000000000189 0.0
4185.00000000019 0.0
4186.00000000019 0.0
4187.00000000019 0.0
4188.000000000191 0.0
4189.000000000191 0.0
4190.000000000191 0.0
4191.000000000191 0.0
4192.000000000191 0.0
4193.000000000192 0.0
4194.000000000192 0.0
4195.000000000192 0.0
4196.000000000193 0.0
4197.000000000193 0.0
4198.000000000193 0.0
4199.000000000193 0.0
4200.000000000193 0.0
4201.000000000194 0.0
4202.000000000194 0.0
4203.000000000194 0.0
4204.000000000195 0.0
4205.000000000195 0.0
4206.000000000195 0.0
4207.000000000195 0.0
4208.000000000195 0.0
4209.0000000001955 0.0
4210.0000000001955 0.0
4211.0000000001955 0.0
4212.000000000196 0.0
4213.000000000196 0.0
4214.000000000196 1.846855141923774e-13
4215.000000000196 0.0009390236780406606
4216.000000000196 0.001878047356071601
4217.000000000197 0.003706672412949546
4218.000000000197 0.005535297469837239
4219.000000000197 0.007413344825549723
4220.000000000198 0.00929139218125243
4221.000000000198 0.011120017238130376
4222.000000000198 0.012948642295018126
4223.000000000198 0.014826689650730607
4224.000000000198 0.016704737006443093
4225.000000000199 0.01858278436215504
4226.000000000199 0.020460831717857158
4227.000000000199 0.022289456774735105
4228.0000000002 0.024118081831622912
4229.0000000002 0.025996129187335397
4230.0000000002 0.02787417654303799
4231.0000000002 0.029702801599915934
4232.0000000002 0.03153142665680379
4233.000000000201 0.03340947401251628
4234.000000000201 0.03528752136821882
4235.000000000201 0.03711614642509624
4236.000000000202 0.03894477148198361
4237.000000000202 0.0408228188376961
4238.000000000202 0.042700866193398614
4239.000000000202 0.044529491250276554
4240.000000000202 0.0463581163071645
4241.000000000203 0.04823616366287698
4242.000000000203 0.05011421101858947
4243.000000000203 0.05199225837430195
4244.000000000204 0.05387030573000438
4245.000000000204 0.0556989307868818
4246.000000000204 0.057527555843769285
4247.000000000204 0.05940560319948177
4248.000000000204 0.061283650555184165
4249.000000000205 0.0631122756120621
4250.000000000205 0.06494090066895017
4251.000000000205 0.06681894802466265
4252.000000000206 0.068696995380365
4253.000000000206 0.07052562043724295
4254.000000000206 0.07235424549413105
4255.000000000206 0.074232292849843
4256.000000000206 0.07611034020555495
4257.0000000002065 0.07798838756126744
4258.0000000002065 0.07986643491696972
4259.0000000002065 0.08169505997384768
4260.000000000207 0.08352368503073584
4261.000000000207 0.08540173238644833
4262.000000000207 0.08727977974215055
4263.000000000207 0.08910840479902851
4264.000000000207 0.09093702985611209
4265.000000000208 0.09375410088968002
4266.000000000208 0.09657117192343302
4267.000000000208 0.10027784433602344
4268.000000000209 0.10398451674861388
4269.000000000209 0.10769118916120429
4270.000000000209 0.11139786157379473
4271.000000000209 0.11510453398638516
4272.000000000209 0.11881120639897559
4273.00000000021 0.12251787881156602
4274.00000000021 0.12622455122415646
4275.00000000021 0.12993122363674584
4276.000000000211 0.13363789604933518
4277.000000000211 0.1373445684619256
4278.000000000211 0.14105124087451607
4279.000000000211 0.14475791328710647
4280.000000000211 0.14846458569970739
4281.000000000212 0.15222068041113232
4282.000000000212 0.1559767751225468
4283.000000000212 0.15968344753513725
4284.000000000213 0.16339011994772767
4285.000000000213 0.16709679236031705
4286.000000000213 0.17080346477290642
4287.000000000213 0.17451013718549685
4288.000000000213 0.17821680959808728
4289.000000000214 0.1819234820106777
4290.000000000214 0.18563015442326813
4291.000000000214 0.18933682683585856
4292.000000000215 0.19304349924844902
4293.000000000215 0.19675017166103942
4294.000000000215 0.20045684407362985
4295.000000000215 0.20416351648621922
4296.000000000215 0.2078701888988086
4297.000000000216 0.21157686131139902
4298.000000000216 0.2152835337240001
4299.000000000216 0.21903962843542507
4300.0000000002165 0.22279572314683935
4301.0000000002165 0.22650239555942978
4302.0000000002165 0.23020906797202023
4303.0000000002165 0.23391574038461066
4304.0000000002165 0.2376224127972011
4305.000000000217 0.2413290852097905
4306.000000000217 0.24503575762237986
4307.000000000217 0.2487424300349703
4308.000000000218 0.2524491024475607
4309.000000000218 0.2561557748601511
4310.000000000218 0.2598624472727416
4311.000000000218 0.263569119685332
4312.000000000218 0.2672757920979224
4313.000000000219 0.27098246451051283
4314.000000000219 0.2746891369231141
4315.000000000219 0.278445231634538
4316.00000000022 0.282201326345951
4317.00000000022 0.28590799875854145
4318.00000000022 0.28961467117113193
4319.00000000022 0.2933213435837223
4320.00000000022 0.29702801599631273
4321.000000000221 0.3007346884089032
4322.000000000221 0.30444136082149365
4323.000000000221 0.3081480332340841
4324.000000000222 0.3118547056466745
4325.000000000222 0.31556137805926393
4326.000000000222 0.31926805047185325
4327.000000000222 0.3229747228844437
4328.000000000222 0.3266813952970341
4329.000000000223 0.33038806770962453
4330.000000000223 0.334094740122226
4331.000000000223 0.3378508348336509
4332.000000000224 0.3416069295450649
4333.000000000224 0.3453136019576553
4334.000000000224 0.3490202743702458
4335.000000000224 0.3527269467828351
4336.000000000224 0.3564336191954245
4337.000000000225 0.36014029160801486
4338.000000000225 0.3638469640206053
4339.000000000225 0.3675536364331958
4340.000000000226 0.37126030884578615
4341.000000000226 0.37496698125837663
4342.000000000226 0.37867365367096706
4343.000000000226 0.3823803260835575
4344.000000000226 0.3860869984961479
4345.0000000002265 0.3897936709087373
4346.0000000002265 0.39350034332132666
4347.0000000002265 0.3972070157339171
4348.000000000227 0.40091368814651873
4349.000000000227 0.4046697828579437
4350.000000000227 0.40842587756935744
4351.000000000227 0.41213254998194787
4352.000000000227 0.4158392223945383
4353.000000000228 0.4195458948071287
4354.000000000228 0.42325256721971916
4355.000000000228 0.42695923963230853
4356.000000000229 0.43066591204489785
4357.000000000229 0.43437258445748833
4358.000000000229 0.4380792568700787
4359.000000000229 0.4417859292826692
4360.000000000229 0.4454926016952596
4361.00000000023 0.44919927410785
4362.00000000023 0.45290594652044047
4363.00000000023 0.4566126189330309
4364.000000000231 0.4603192913456327
4365.000000000231 0.4640753860570566
4366.000000000231 0.4678314807684691
4367.000000000231 0.4715381531810595
4368.000000000231 0.47524482559365
4369.000000000232 0.47895149800624043
4370.000000000232 0.48265817041883086
4371.000000000232 0.4863648428314213
4372.000000000233 0.4900715152440117
4373.000000000233 0.49377818765660214
4374.000000000233 0.4974848600691925
4375.000000000233 0.5011915324817819
4376.000000000233 0.5048982048943713
4377.000000000234 0.5086048773069617
4378.000000000234 0.5123115497195521
4379.000000000234 0.5160182221321427
4380.000000000235 0.5197248945447447
4381.000000000235 0.5234809892561696
4382.000000000235 0.527237083967583
4383.000000000235 0.5309437563801733
4384.000000000235 0.5346504287927638
4385.000000000236 0.5383571012053532
4386.000000000236 0.5420637736179426
4387.000000000236 0.5457704460305329
4388.0000000002365 0.5494771184431233
4389.0000000002365 0.5531837908557138
4390.0000000002365 0.5568904632683043
4391.0000000002365 0.5605971356808946
4392.0000000002365 0.564303808093485
4393.000000000237 0.5680104805060755
4394.000000000237 0.571717152918666
4395.000000000237 0.5754238253312554
4396.000000000238 0.5791304977438447
4397.000000000238 0.5828371701564351
4398.000000000238 0.5865438425690374
4399.000000000238 0.5902999372804623
4400.000000000238 0.5940560319918754
4401.000000000239 0.597762704404466
4402.000000000239 0.6014693768170564
4403.000000000239 0.6051760492296467
4404.00000000024 0.6088827216422371
4405.00000000024 0.6125893940548265
4406.00000000024 0.616296066467416
4407.00000000024 0.6200027388800065
4408.00000000024 0.6237094112925968
4409.000000000241 0.6274160837051872
4410.000000000241 0.6311227561177777
4411.000000000241 0.6348294285303681
4412.000000000242 0.6385361009429585
4413.000000000242 0.6422427733555489
4414.000000000242 0.6459494457681513
4415.000000000242 0.6497055404795752
4416.000000000242 0.6534616351909872
4417.000000000243 0.6571683076035776
4418.000000000243 0.660874980016168
4419.000000000243 0.6645816524287584
4420.000000000244 0.6682883248413489
4421.000000000244 0.6719949972539393
4422.000000000244 0.6757016696665298
4423.000000000244 0.6794083420791202
4424.000000000244 0.6831150144917106
4425.000000000245 0.6868216869042999
4426.000000000245 0.6905283593168894
4427.000000000245 0.6942350317294798
4428.000000000246 0.6979417041420701
4429.000000000246 0.7016483765546606
4430.000000000246 0.7053550489672632
4431.000000000246 0.7091111436786881
4432.000000000246 0.7128672383901009
4433.0000000002465 0.7165739108026914
4434.0000000002465 0.7202805832152819
4435.0000000002465 0.7239872556278711
4436.000000000247 0.7276939280404605
4437.000000000247 0.731400600453051
4438.000000000247 0.7351072728656415
4439.000000000247 0.7388139452782319
4440.000000000247 0.7425206176908222
4441.000000000248 0.7462272901034127
4442.000000000248 0.7499339625160032
4443.000000000248 0.7536406349285937
4444.000000000249 0.757347307341184
4445.000000000249 0.7610539797537734
4446.000000000249 0.7647606521663628
4447.000000000249 0.7684673245789533
4448.000000000249 0.772173996991556
4449.00000000025 0.7759300917029809
4450.00000000025 0.7796861864143935
4451.00000000025 0.783392858826984
4452.000000000251 0.7870995312395743
4453.000000000251 0.7908062036521648
4454.000000000251 0.7945128760647552
4455.000000000251 0.7982195484773446
4456.000000000251 0.8019262208899339
4457.000000000252 0.8056328933025244
4458.000000000252 0.8093395657151149
4459.000000000252 0.8130462381277053
4460.000000000253 0.8167529105402958
4461.000000000253 0.8204595829528861
4462.000000000253 0.8241662553654765
4463.000000000253 0.8278729277780671
4464.000000000253 0.8315796001906699
4465.000000000254 0.8353356949020939
4466.000000000254 0.8390917896135052
4467.000000000254 0.8427984620260957
4468.000000000255 0.846505134438686
4469.000000000255 0.8502118068512765
4470.000000000255 0.853918479263867
4471.000000000255 0.8576251516764574
4472.000000000255 0.8613318240886945
4473.000000000256 0.8636546721339179
4474.000000000256 0.8659775201790147
4475.000000000256 0.8678061452358923
4476.0000000002565 0.8696347702927824
4477.0000000002565 0.8715128176484949
4478.0000000002565 0.8733908650042074
4479.0000000002565 0.8752689123599199
4480.0000000002565 0.8771469597156195
4481.000000000257 0.8789755847724975
4482.000000000257 0.8808042098293882
4483.000000000257 0.8826822571851007
4484.000000000258 0.8845603045408004
4485.000000000258 0.8863889295976779
4486.000000000258 0.888217554654568
4487.000000000258 0.8900956020102804
4488.000000000258 0.8919736493659802
4489.000000000259 0.8938022744228581
4490.000000000259 0.8956308994797489
4491.000000000259 0.8975089468354615
4492.00000000026 0.8993869941911611
4493.00000000026 0.901215619248039
4494.00000000026 0.9030442443049297
4495.00000000026 0.9049222916606416
4496.00000000026 0.9068003390163536
4497.000000000261 0.9086783863720661
4498.000000000261 0.9105564337277658
4499.000000000261 0.9123850587846437
4500.000000000262 0.9142136838415347
4501.000000000262 0.9160917311972471
4502.000000000262 0.9179697785529466
4503.000000000262 0.9197984036098245
4504.000000000262 0.9216270286667154
4505.000000000263 0.9235050760224274
4506.000000000263 0.9253831233780097
4507.000000000263 0.9267669477453766
4508.000000000264 0.9281507721123795
4509.000000000264 0.9281507721123795
4510.000000000264 0.9281507721123795
4511.000000000264 0.9281507721123795
4512.000000000264 0.9281507721123795
4513.000000000265 0.9281507721123795
4514.000000000265 0.9281507721123795
4515.000000000265 0.9281507721123795
4516.000000000266 0.9281507721123795
4517.000000000266 0.9281507721123795
4518.000000000266 0.9281507721123795
4519.000000000266 0.9281507721123795
4520.000000000266 0.9281507721123795
4521.0000000002665 0.9281507721123795
4522.0000000002665 0.9281507721123795
4523.0000000002665 0.9281507721123795
4524.000000000267 0.9281507721123795
4525.000000000267 0.9281507721123795
4526.000000000267 0.9281507721123795
4527.000000000267 0.9281507721123795
4528.000000000267 0.9281507721123795
4529.000000000268 0.9281507721123795
4530.000000000268 0.9281507721123795
4531.000000000268 0.9281507721123795
4532.000000000269 0.9281507721123795
4533.000000000269 0.9281507721123795
4534.000000000269 0.9281507721123795
4535.000000000269 0.9281507721123795
4536.000000000269 0.9281507721123795
4537.00000000027 0.9281507721123795
4538.00000000027 0.9281507721123795
4539.00000000027 0.9281507721123795
4540.000000000271 0.9281507721123795
4541.000000000271 0.9281507721123795
4542.000000000271 0.9281507721123795
4543.000000000271 0.9281507721123795
4544.000000000271 0.9281507721123795
4545.000000000272 0.9281507721123795
4546.000000000272 0.9281507721123795
4547.000000000272 0.9281507721123795
4548.000000000273 0.9281507721123795
4549.000000000273 0.9281507721123795
4550.000000000273 0.9281507721123795
4551.000000000273 0.9281507721123795
4552.000000000273 0.9281507721123795
4553.000000000274 0.9281507721123795
4554.000000000274 0.9281507721123795
4555.000000000274 0.9281507721123795
4556.000000000275 0.9281507721123795
4557.000000000275 0.9281507721123795
4558.000000000275 0.9281507721123795
4559.000000000275 0.9281507721123795
4560.000000000275 0.9281507721123795
4561.000000000276 0.9281507721123795
4562.000000000276 0.9281507721123795
4563.000000000276 0.9281507721123795
4564.0000000002765 0.9281507721123795
4565.0000000002765 0.9281507721123795
4566.0000000002765 0.9281507721123795
4567.0000000002765 0.9281507721123795
4568.0000000002765 0.9281507721123795
4569.000000000277 0.9281507721123795
4570.000000000277 0.9281507721123795
4571.000000000277 0.9281507721123795
4572.000000000278 0.9281507721123795
4573.000000000278 0.9281507721123795
4574.000000000278 0.9281507721123795
4575.000000000278 0.9281507721123795
4576.000000000278 0.9281507721123795
4577.000000000279 0.9281507721123795
4578.000000000279 0.9281507721123795
4579.000000000279 0.9281507721123795
4580.00000000028 0.9281507721123795
4581.00000000028 0.9281507721123795
4582.00000000028 0.9281507721123795
4583.00000000028 0.9281507721123795
4584.00000000028 0.9281507721123795
4585.000000000281 0.9281507721123795
4586.000000000281 0.9281507721123795
4587.000000000281 0.9281507721123795
4588.000000000282 0.9281507721123795
4589.000000000282 0.9281507721123795
4590.000000000282 0.9281507721123795
4591.000000000282 0.9281507721123795
4592.000000000282 0.9281507721123795
4593.000000000283 0.9281507721123795
4594.000000000283 0.9281507721123795
4595.000000000283 0.9281507721123795
4596.000000000284 0.9281507721123795
4597.000000000284 0.9281507721123795
4598.000000000284 0.9281507721123795
4599.000000000284 0.9281507721123795
4600.000000000284 0.9281507721123795
4601.000000000285 0.9281507721123795
4602.000000000285 0.9281507721123795
4603.000000000285 0.9281507721123795
4604.000000000286 0.9281507721123795
4605.000000000286 0.9281507721123795
4606.000000000286 0.9281507721123795
4607.000000000286 0.9281507721123795
4608.000000000286 0.9281507721123795
4609.0000000002865 0.9281507721123795
4610.0000000002865 0.9281507721123795
4611.0000000002865 0.9281507721123795
4612.000000000287 0.9281507721123795
4613.000000000287 0.9281507721123795
4614.000000000287 0.9281507721123795
4615.000000000287 0.9281507721123795
4616.000000000287 0.9281507721123795
4617.000000000288 0.9281507721123795
4618.000000000288 0.9281507721123795
4619.000000000288 0.9281507721123795
4620.000000000289 0.9281507721123795
4621.000000000289 0.9281507721123795
4622.000000000289 0.9281507721123795
4623.000000000289 0.9281507721123795
4624.000000000289 0.9281507721123795
4625.00000000029 0.9281507721123795
4626.00000000029 0.9281507721123795
4627.00000000029 0.9281507721123795
4628.000000000291 0.9281507721123795
4629.000000000291 0.9281507721123795
4630.000000000291 0.9281507721123795
4631.000000000291 0.9281507721123795
4632.000000000291 0.9281507721123795
4633.000000000292 0.9281507721123795
4634.000000000292 0.9281507721123795
4635.000000000292 0.9281507721123795
4636.000000000293 0.9281507721123795
4637.000000000293 0.9281507721123795
4638.000000000293 0.9281507721123795
4639.000000000293 0.9281507721123795
4640.000000000293 0.9281507721123795
4641.000000000294 0.9281507721123795
4642.000000000294 0.9281507721123795
4643.000000000294 0.9281507721123795
4644.000000000295 0.9281507721123795
4645.000000000295 0.9281507721123795
4646.000000000295 0.9281507721123795
4647.000000000295 0.9281507721123795
4648.000000000295 0.9281507721123795
4649.000000000296 0.9281507721123795
4650.000000000296 0.9281507721123795
4651.000000000296 0.9281507721123795
4652.0000000002965 0.9281507721123795
4653.0000000002965 0.9281507721123795
4654.0000000002965 0.9281507721123795
4655.0000000002965 0.9281507721123795
4656.0000000002965 0.9281507721123795
4657.000000000297 0.9281507721123795
4658.000000000297 0.9281507721123795
4659.000000000297 0.9281507721123795
4660.000000000298 0.9281507721123795
4661.000000000298 0.9281507721123795
4662.000000000298 0.9281507721123795
4663.000000000298 0.9281507721123795
4664.000000000298 0.9281507721123795
4665.000000000299 0.9281507721123795
4666.000000000299 0.9281507721123795
4667.000000000299 0.9281507721123795
4668.0000000003 0.9281507721123795
4669.0000000003 0.9281507721123795
4670.0000000003 0.9281507721123795
4671.0000000003 0.9281507721123795
4672.0000000003 0.9281507721123795
4673.000000000301 0.9281507721123795
4674.000000000301 0.9281507721123795
4675.000000000301 0.9281507721123795
4676.000000000302 0.9281507721123795
4677.000000000302 0.9281507721123795
4678.000000000302 0.9281507721123795
4679.000000000302 0.9281507721123795
4680.000000000302 0.9281507721123795
4681.000000000303 0.9281507721123795
4682.000000000303 0.9281507721123795
4683.000000000303 0.9281507721123795
4684.000000000304 0.9281507721123795
4685.000000000304 0.9281507721123795
4686.000000000304 0.9281507721123795
4687.000000000304 0.9281507721123795
4688.000000000304 0.9281507721123795
4689.000000000305 0.9281507721123795
4690.000000000305 0.9281507721123795
4691.000000000305 0.9281507721123795
4692.000000000306 0.9281507721123795
4693.000000000306 0.9281507721123795
4694.000000000306 0.9281507721123795
4695.000000000306 0.9281507721123795
4696.000000000306 0.9281507721123795
4697.0000000003065 0.9281507721123795
4698.0000000003065 0.9281507721123795
4699.0000000003065 0.9281507721123795
4700.000000000307 0.9281507721123795
4701.000000000307 0.9281507721123795
4702.000000000307 0.9281507721123795
4703.000000000307 0.9281507721123795
4704.000000000307 0.9281507721123795
4705.000000000308 0.9281507721123795
4706.000000000308 0.9281507721123795
4707.000000000308 0.9281507721123795
4708.000000000309 0.9281507721123795
4709.000000000309 0.9281507721123795
4710.000000000309 0.9281507721123795
4711.000000000309 0.9281507721123795
4712.000000000309 0.9281507721123795
4713.00000000031 0.9281507721123795
4714.00000000031 0.9281507721123795
4715.00000000031 0.9281507721123795
4716.000000000311 0.9281507721123795
4717.000000000311 0.9281507721123795
4718.000000000311 0.9281507721123795
4719.000000000311 0.9281507721123795
4720.000000000311 0.9281507721123795
4721.000000000312 0.9281507721123795
4722.000000000312 0.9281507721123795
4723.000000000312 0.9281507721123795
4724.000000000313 0.9281507721123795
4725.000000000313 0.9281507721123795
4726.000000000313 0.9281507721123795
4727.000000000313 0.9281507721123795
4728.000000000313 0.9281507721123795
4729.000000000314 0.9281507721123795
4730.000000000314 0.9281507721123795
4731.000000000314 0.9281507721123795
4732.000000000315 0.9281507721123795
4733.000000000315 0.9281507721123795
4734.000000000315 0.9281507721123795
4735.000000000315 0.9281507721123795
4736.000000000315 0.9281507721123795
4737.000000000316 0.9281507721123795
4738.000000000316 0.9281507721123795
4739.000000000316 0.9281507721123795
4740.0000000003165 0.9281507721123795
4741.0000000003165 0.9281507721123795
4742.0000000003165 0.9281507721123795
4743.0000000003165 0.9281507721123795
4744.0000000003165 0.9281507721123795
4745.000000000317 0.9281507721123795
4746.000000000317 0.9281507721123795
4747.000000000317 0.9281507721123795
4748.000000000318 0.9281507721123795
4749.000000000318 0.9281507721123795
4750.000000000318 0.9281507721123795
4751.000000000318 0.9281507721123795
4752.000000000318 0.9281507721123795
4753.000000000319 0.9281507721123795
4754.000000000319 0.9281507721123795
4755.000000000319 0.9281507721123795
4756.00000000032 0.9281507721123795
4757.00000000032 0.9281507721123795
4758.00000000032 0.9281507721123795
4759.00000000032 0.9281507721123795
4760.00000000032 0.9281507721123795
4761.000000000321 0.9281507721123795
4762.000000000321 0.9281507721123795
4763.000000000321 0.9281507721123795
4764.000000000322 0.9281507721123795
4765.000000000322 0.9281507721123795
4766.000000000322 0.9281507721123795
4767.000000000322 0.9281507721123795
4768.000000000322 0.9281507721123795
4769.000000000323 0.9281507721123795
4770.000000000323 0.9281507721123795
4771.000000000323 0.9281507721123795
4772.000000000324 0.9281507721123795
4773.000000000324 0.9281507721123795
4774.000000000324 0.9281507721123795
4775.000000000324 0.9281507721123795
4776.000000000324 0.9281507721123795
4777.000000000325 0.9281507721123795
4778.000000000325 0.9281507721123795
4779.000000000325 0.9281507721123795
4780.000000000326 0.9281507721123795
4781.000000000326 0.9281507721123795
4782.000000000326 0.9281507721123795
4783.000000000326 0.9281507721123795
4784.000000000326 0.9281507721123795
4785.0000000003265 0.9281507721123795
4786.0000000003265 0.9281507721123795
4787.0000000003265 0.9281507721123795
4788.000000000327 0.9281507721123795
4789.000000000327 0.9281507721123795
4790.000000000327 0.9281507721123795
4791.000000000327 0.9281507721123795
4792.000000000327 0.9281507721123795
4793.000000000328 0.9281507721123795
4794.000000000328 0.9281507721123795
4795.000000000328 0.9281507721123795
4796.000000000329 0.9281507721123795
4797.000000000329 0.9281507721123795
4798.000000000329 0.9281507721123795
4799.000000000329 0.9281507721123795
4800.000000000329 0.9281507721123795
4801.00000000033 0.9281507721123795
4802.00000000033 0.9281507721123795
4803.00000000033 0.9281507721123795
4804.000000000331 0.9281507721123795
4805.000000000331 0.9281507721123795
4806.000000000331 0.9281507721123795
4807.000000000331 0.9281507721123795
4808.000000000331 0.9281507721123795
4809.000000000332 0.9281507721123795
4810.000000000332 0.9281507721123795
4811.000000000332 0.9281507721123795
4812.000000000333 0.9281507721123795
4813.000000000333 0.9281507721123795
4814.000000000333 0.9281507721123795
4815.000000000333 0.9281507721123795
4816.000000000333 0.9281507721123795
4817.000000000334 0.9281507721123795
4818.000000000334 0.9281507721123795
4819.000000000334 0.9281507721123795
4820.000000000335 0.9281507721123795
4821.000000000335 0.9281507721123795
4822.000000000335 0.9281507721123795
4823.000000000335 0.9281507721123795
4824.000000000335 0.9281507721123795
4825.000000000336 0.9281507721123795
4826.000000000336 0.9281507721123795
4827.000000000336 0.9281507721123795
4828.0000000003365 0.9281507721123795
4829.0000000003365 0.9281507721123795
4830.0000000003365 0.9281507721123795
4831.0000000003365 0.9281507721123795
4832.0000000003365 0.9281507721123795
4833.000000000337 0.9281507721123795
4834.000000000337 0.9281507721123795
4835.000000000337 0.9281507721123795
4836.000000000338 0.9281507721123795
4837.000000000338 0.9281507721123795
4838.000000000338 0.9281507721123795
4839.000000000338 0.9281507721123795
4840.000000000338 0.9281507721123795
4841.000000000339 0.9281507721123795
4842.000000000339 0.9281507721123795
4843.000000000339 0.9281507721123795
4844.00000000034 0.9281507721123795
4845.00000000034 0.9281507721123795
4846.00000000034 0.9281507721123795
4847.00000000034 0.9281507721123795
4848.00000000034 0.9281507721123795
4849.000000000341 0.9281507721123795
4850.000000000341 0.9281507721123795
4851.000000000341 0.9281507721123795
4852.000000000342 0.9281507721123795
4853.000000000342 0.9281507721123795
4854.000000000342 0.9281507721123795
4855.000000000342 0.9281507721123795
4856.000000000342 0.9281507721123795
4857.000000000343 0.9281507721123795
4858.000000000343 0.9281507721123795
4859.000000000343 0.9281507721123795
4860.000000000344 0.9281507721123795
4861.000000000344 0.9281507721123795
4862.000000000344 0.9281507721123795
4863.000000000344 0.9281507721123795
4864.000000000344 0.9281507721123795
4865.000000000345 0.9281507721123795
4866.000000000345 0.9281507721123795
4867.000000000345 0.9281507721123795
4868.000000000346 0.9281507721123795
4869.000000000346 0.9281507721123795
4870.000000000346 0.9281507721123795
4871.000000000346 0.9281507721123795
4872.000000000346 0.9281507721123795
4873.0000000003465 0.9281507721123795
4874.0000000003465 0.9281507721123795
4875.0000000003465 0.9281507721123795
4876.000000000347 0.9281507721123795
4877.000000000347 0.9281507721123795
4878.000000000347 0.9281507721123795
4879.000000000347 0.9281507721123795
4880.000000000347 0.9281507721123795
4881.000000000348 0.9281507721123795
4882.000000000348 0.9281507721123795
4883.000000000348 0.9281507721123795
4884.000000000349 0.9281507721123795
4885.000000000349 0.9281507721123795
4886.000000000349 0.9281507721123795
4887.000000000349 0.9281507721123795
4888.000000000349 0.9281507721123795
4889.00000000035 0.9281507721123795
4890.00000000035 0.9281507721123795
4891.00000000035 0.9281507721123795
4892.000000000351 0.9281507721123795
4893.000000000351 0.9281507721123795
4894.000000000351 0.9281507721123795
4895.000000000351 0.9281507721123795
4896.000000000351 0.9281507721123795
4897.000000000352 0.9281507721123795
4898.000000000352 0.9281507721123795
4899.000000000352 0.9281507721123795
4900.000000000353 0.9281507721123795
4901.000000000353 0.9281507721123795
4902.000000000353 0.9281507721123795
4903.000000000353 0.9281507721123795
4904.000000000353 0.9281507721123795
4905.000000000354 0.9281507721123795
4906.000000000354 0.9281507721123795
4907.000000000354 0.9281507721123795
4908.000000000355 0.9281507721123795
4909.000000000355 0.9281507721123795
4910.000000000355 0.9281507721123795
4911.000000000355 0.9281507721123795
4912.000000000355 0.9281507721123795
4913.000000000356 0.9281507721123795
4914.000000000356 0.9281507721123795
4915.000000000356 0.9281507721123795
4916.0000000003565 0.9281507721123795
4917.0000000003565 0.9281507721123795
4918.0000000003565 0.9281507721123795
4919.0000000003565 0.9281507721123795
4920.0000000003565 0.9281507721123795
4921.000000000357 0.9281507721123795
4922.000000000357 0.9281507721123795
4923.000000000357 0.9281507721123795
4924.000000000358 0.9281507721123795
4925.000000000358 0.9281507721123795
4926.000000000358 0.9281507721123795
4927.000000000358 0.9281507721123795
4928.000000000358 0.9281507721123795
4929.000000000359 0.9281507721123795
4930.000000000359 0.9281507721123795
4931.000000000359 0.9281507721123795
4932.00000000036 0.9281507721123795
4933.00000000036 0.9281507721123795
4934.00000000036 0.9281507721123795
4935.00000000036 0.9281507721123795
4936.00000000036 0.9281507721123795
4937.000000000361 0.9281507721123795
4938.000000000361 0.9281507721123795
4939.000000000361 0.9281507721123795
4940.000000000362 0.9281507721123795
4941.000000000362 0.9281507721123795
4942.000000000362 0.9281507721123795
4943.000000000362 0.9281507721123795
4944.000000000362 0.9281507721123795
4945.000000000363 0.9281507721123795
4946.000000000363 0.9281507721123795
4947.000000000363 0.9281507721123795
4948.000000000364 0.9281507721123795
4949.000000000364 0.9281507721123795
4950.000000000364 0.9281507721123795
4951.000000000364 0.9281507721123795
4952.000000000364 0.9281507721123795
4953.000000000365 0.9281507721123795
4954.000000000365 0.9281507721123795
4955.000000000365 0.9281507721123795
4956.000000000366 0.9281507721123795
4957.000000000366 0.9281507721123795
4958.000000000366 0.9281507721123795
4959.000000000366 0.9281507721123795
4960.000000000366 0.9281507721123795
4961.0000000003665 0.9281507721123795
4962.0000000003665 0.9281507721123795
4963.0000000003665 0.9281507721123795
4964.000000000367 0.9281507721123795
4965.000000000367 0.9281507721123795
4966.000000000367 0.9281507721123795
4967.000000000367 0.9281507721123795
4968.000000000367 0.9281507721123795
4969.000000000368 0.9281507721123795
4970.000000000368 0.9281507721123795
4971.000000000368 0.9281507721123795
4972.000000000369 0.9281507721123795
4973.000000000369 0.9281507721123795
4974.000000000369 0.9281507721123795
4975.000000000369 0.9281507721123795
4976.000000000369 0.9281507721123795
4977.00000000037 0.9281507721123795
4978.00000000037 0.9281507721123795
4979.00000000037 0.9281507721123795
4980.000000000371 0.9281507721123795
4981.000000000371 0.9281507721123795
4982.000000000371 0.9281507721123795
4983.000000000371 0.9281507721123795
4984.000000000371 0.9281507721123795
4985.000000000372 0.9281507721123795
4986.000000000372 0.9281507721123795
4987.000000000372 0.9281507721123795
4988.000000000373 0.9281507721123795
4989.000000000373 0.9281507721123795
4990.000000000373 0.9281507721123795
4991.000000000373 0.9281507721123795
4992.000000000373 0.9281507721123795
4993.000000000374 0.9281507721123795
4994.000000000374 0.9281507721123795
4995.000000000374 0.9281507721123795
4996.000000000375 0.9281507721123795
4997.000000000375 0.9281507721123795
4998.000000000375 0.9281507721123795
4999.000000000375 0.9281507721123795
5000.000000000375 0.9281507721123795
5001.000000000376 0.9281507721123795
5002.000000000376 0.9281507721123795
5003.000000000376 0.9281507721123795
5004.0000000003765 0.9281507721123795
5005.0000000003765 0.9281507721123795
5006.0000000003765 0.9281507721123795
5007.0000000003765 0.9281507721123795
5008.0000000003765 0.9281507721123795
5009.000000000377 0.9281507721123795
5010.000000000377 0.9281507721123795
5011.000000000377 0.9281507721123795
5012.000000000378 0.9281507721123795
5013.000000000378 0.9281507721123795
5014.000000000378 0.9281507721123795
5015.000000000378 0.9281507721123795
5016.000000000378 0.9281507721123795
5017.000000000379 0.9281507721123795
5018.000000000379 0.9281507721123795
5019.000000000379 0.9281507721123795
5020.00000000038 0.9281507721123795
5021.00000000038 0.9281507721123795
5022.00000000038 0.9281507721123795
5023.00000000038 0.9281507721123795
5024.00000000038 0.9281507721123795
5025.000000000381 0.9281507721123795
5026.000000000381 0.9281507721123795
5027.000000000381 0.9281507721123795
5028.000000000382 0.9281507721123795
5029.000000000382 0.9281507721123795
5030.000000000382 0.9281507721123795
5031.000000000382 0.9281507721123795
5032.000000000382 0.9281507721123795
5033.000000000383 0.9281507721123795
5034.000000000383 0.9281507721123795
5035.000000000383 0.9281507721123795
5036.000000000384 0.9281507721123795
5037.000000000384 0.9281507721123795
5038.000000000384 0.9281507721123795
5039.000000000384 0.9281507721123795
5040.000000000384 0.9281507721123795
5041.000000000385 0.9281507721123795
5042.000000000385 0.9281507721123795
5043.000000000385 0.9281507721123795
5044.000000000386 0.9281507721123795
5045.000000000386 0.9281507721123795
5046.000000000386 0.9281507721123795
5047.000000000386 0.9281507721123795
5048.000000000386 0.9281507721123795
5049.0000000003865 0.9281507721123795
5050.0000000003865 0.9281507721123795
5051.0000000003865 0.9281507721123795
5052.000000000387 0.9281507721123795
5053.000000000387 0.9281507721123795
5054.000000000387 0.9281507721123795
5055.000000000387 0.9281507721123795
5056.000000000387 0.9281507721123795
5057.000000000388 0.9281507721123795
5058.000000000388 0.9281507721123795
5059.000000000388 0.9281507721123795
5060.000000000389 0.9281507721123795
5061.000000000389 0.9281507721123795
5062.000000000389 0.9281507721123795
5063.000000000389 0.9281507721123795
5064.000000000389 0.9281507721123795
5065.00000000039 0.9281507721123795
5066.00000000039 0.9281507721123795
5067.00000000039 0.9281507721123795
5068.000000000391 0.9281507721123795
5069.000000000391 0.9281507721123795
5070.000000000391 0.9281507721123795
5071.000000000391 0.9281507721123795
5072.000000000391 0.9281507721123795
5073.000000000392 0.9281507721123795
5074.000000000392 0.9281507721123795
5075.000000000392 0.9281507721123795
5076.000000000393 0.9281507721123795
5077.000000000393 0.9281507721123795
5078.000000000393 0.9281507721123795
5079.000000000393 0.9281507721123795
5080.000000000393 0.9281507721123795
5081.000000000394 0.9281507721123795
5082.000000000394 0.9281507721123795
5083.000000000394 0.9281507721123795
5084.000000000395 0.9281507721123795
5085.000000000395 0.9281507721123795
5086.000000000395 0.9281507721123795
5087.000000000395 0.9281507721123795
5088.000000000395 0.9281507721123795
5089.000000000396 0.9281507721123795
5090.000000000396 0.9281507721123795
5091.000000000396 0.9281507721123795
5092.0000000003965 0.9281507721123795
5093.0000000003965 0.9281507721123795
5094.0000000003965 0.9281507721123795
5095.0000000003965 0.9281507721123795
5096.0000000003965 0.9281507721123795
5097.000000000397 0.9281507721123795
5098.000000000397 0.9281507721123795
5099.000000000397 0.9281507721123795
5100.000000000398 0.9281507721123795
5101.000000000398 0.9281507721123795
5102.000000000398 0.9281507721123795
5103.000000000398 0.9281507721123795
5104.000000000398 0.9281507721123795
5105.000000000399 0.9281507721123795
5106.000000000399 0.9281507721123795
5107.000000000399 0.9281507721123795
5108.0000000004 0.9281507721123795
5109.0000000004 0.9281507721123795
5110.0000000004 0.9281507721123795
5111.0000000004 0.9281507721123795
5112.0000000004 0.9281507721123795
5113.000000000401 0.9281507721123795
5114.000000000401 0.9281507721123795
5115.000000000401 0.9281507721123795
5116.000000000402 0.9281507721123795
5117.000000000402 0.9281507721123795
5118.000000000402 0.9281507721123795
5119.000000000402 0.9281507721123795
5120.000000000402 0.9281507721123795
5121.000000000403 0.9281507721123795
5122.000000000403 0.9281507721123795
5123.000000000403 0.9281507721123795
5124.000000000404 0.9281507721123795
5125.000000000404 0.9281507721123795
5126.000000000404 0.9281507721123795
5127.000000000404 0.9281507721123795
5128.000000000404 0.9281507721123795
5129.000000000405 0.9281507721123795
5130.000000000405 0.9281507721123795
5131.000000000405 0.9281507721123795
5132.000000000406 0.9281507721123795
5133.000000000406 0.9281507721123795
5134.000000000406 0.9281507721123795
5135.000000000406 0.9281507721123795
5136.000000000406 0.9281507721123795
5137.0000000004065 0.9281507721123795
5138.0000000004065 0.9281507721123795
5139.0000000004065 0.9281507721123795
5140.000000000407 0.9281507721123795
5141.000000000407 0.9281507721123795
5142.000000000407 0.9281507721123795
5143.000000000407 0.9281507721123795
5144.000000000407 0.9281507721123795
5145.000000000408 0.9281507721123795
5146.000000000408 0.9281507721123795
5147.000000000408 0.9281507721123795
5148.000000000409 0.9281507721123795
5149.000000000409 0.9281507721123795
5150.000000000409 0.9281507721123795
5151.000000000409 0.9281507721123795
5152.000000000409 0.9281507721123795
5153.00000000041 0.9281507721123795
5154.00000000041 0.9281507721123795
5155.00000000041 0.9281507721123795
5156.000000000411 0.9281507721123795
5157.000000000411 0.9281507721123795
5158.000000000411 0.9281507721123795
5159.000000000411 0.9281507721123795
5160.000000000411 0.9281507721123795
5161.000000000412 0.9281507721123795
5162.000000000412 0.9281507721123795
5163.000000000412 0.9281507721123795
5164.000000000413 0.9281507721123795
5165.000000000413 0.9281507721123795
5166.000000000413 0.9281507721123795
5167.000000000413 0.9281507721123795
5168.000000000413 0.9281507721123795
5169.000000000414 0.9281507721123795
5170.000000000414 0.9281507721123795
5171.000000000414 0.9281507721123795
5172.000000000415 0.9281507721123795
5173.000000000415 0.9281507721123795
5174.000000000415 0.9281507721123795
5175.000000000415 0.9281507721123795
5176.000000000415 0.9281507721123795
5177.000000000416 0.9281507721123795
5178.000000000416 0.9281507721123795
5179.000000000416 0.9281507721123795
5180.000000000417 0.9281507721123795
5181.000000000417 0.9281507721123795
5182.000000000417 0.9281507721123795
5183.000000000417 0.9281507721123795
5184.000000000417 0.9281507721123795
5185.0000000004175 0.9281507721123795
5186.0000000004175 0.9281507721123795
5187.0000000004175 0.9281507721123795
5188.000000000418 0.9281507721123795
5189.000000000418 0.9281507721123795
5190.000000000418 0.9281507721123795
5191.000000000418 0.9281507721123795
5192.000000000418 0.9281507721123795
5193.000000000419 0.9281507721123795
5194.000000000419 0.9281507721123795
5195.000000000419 0.9281507721123795
5196.00000000042 0.9281507721123795
5197.00000000042 0.9281507721123795
5198.00000000042 0.9281507721123795
5199.00000000042 0.9281507721123795
5200.00000000042 0.9281507721123795
5201.000000000421 0.9281507721123795
5202.000000000421 0.9281507721123795
5203.000000000421 0.9281507721123795
5204.000000000422 0.9281507721123795
5205.000000000422 0.9281507721123795
5206.000000000422 0.9281507721123795
5207.000000000422 0.9281507721123795
5208.000000000422 0.9281507721123795
5209.000000000423 0.9281507721123795
5210.000000000423 0.9281507721123795
5211.000000000423 0.9281507721123795
5212.000000000424 0.9281507721123795
5213.000000000424 0.9281507721123795
5214.000000000424 0.9281507721123795
5215.000000000424 0.9281507721123795
5216.000000000424 0.9281507721123795
5217.000000000425 0.9281507721123795
5218.000000000425 0.9281507721123795
5219.000000000425 0.9281507721123795
5220.000000000426 0.9281507721123795
5221.000000000426 0.9281507721123795
5222.000000000426 0.9281507721123795
5223.000000000426 0.9281507721123795
5224.000000000426 0.9281507721123795
5225.000000000427 0.9281507721123795
5226.000000000427 0.9281507721123795
5227.000000000427 0.9281507721123795
5228.0000000004275 0.9281507721123795
5229.0000000004275 0.9281507721123795
5230.0000000004275 0.9281507721123795
5231.0000000004275 0.9281507721123795
5232.0000000004275 0.9281507721123795
5233.000000000428 0.9281507721123795
5234.000000000428 0.9281507721123795
5235.000000000428 0.9281507721123795
5236.000000000429 0.9281507721123795
5237.000000000429 0.9281507721123795
5238.000000000429 0.9281507721123795
5239.000000000429 0.9281507721123795
5240.000000000429 0.9281507721123795
5241.00000000043 0.9281507721123795
5242.00000000043 0.9281507721123795
5243.00000000043 0.9281507721123795
5244.000000000431 0.9281507721123795
5245.000000000431 0.9281507721123795
5246.000000000431 0.9281507721123795
5247.000000000431 0.9281507721123795
5248.000000000431 0.9281507721123795
5249.000000000432 0.9281507721123795
5250.000000000432 0.9281507721123795
5251.000000000432 0.9281507721123795
5252.000000000433 0.9281507721123795
5253.000000000433 0.9281507721123795
5254.000000000433 0.9281507721123795
5255.000000000433 0.9281507721123795
5256.000000000433 0.9281507721123795
5257.000000000434 0.9281507721123795
5258.000000000434 0.9281507721123795
5259.000000000434 0.9281507721123795
5260.000000000435 0.9281507721123795
5261.000000000435 0.9281507721123795
5262.000000000435 0.9281507721123795
5263.000000000435 0.9281507721123795
5264.000000000435 0.9281507721123795
5265.000000000436 0.9281507721123795
5266.000000000436 0.9281507721123795
5267.000000000436 0.9281507721123795
5268.000000000437 0.9281507721123795
5269.000000000437 0.9281507721123795
5270.000000000437 0.9281507721123795
5271.000000000437 0.9281507721123795
5272.000000000437 0.9281507721123795
5273.0000000004375 0.9281507721123795
5274.0000000004375 0.9281507721123795
5275.0000000004375 0.9281507721123795
5276.000000000438 0.9281507721123795
5277.000000000438 0.9281507721123795
5278.000000000438 0.9281507721123795
5279.000000000438 0.9281507721123795
5280.000000000438 0.9281507721123795
5281.000000000439 0.9281507721123795
5282.000000000439 0.9281507721123795
5283.000000000439 0.9281507721123795
5284.00000000044 0.9281507721123795
5285.00000000044 0.9281507721123795
5286.00000000044 0.9281507721123795
5287.00000000044 0.9281507721123795
5288.00000000044 0.9281507721123795
5289.000000000441 0.9281507721123795
5290.000000000441 0.9281507721123795
5291.000000000441 0.9281507721123795
5292.000000000442 0.9281507721123795
5293.000000000442 0.9281507721123795
5294.000000000442 0.9281507721123795
5295.000000000442 0.9281507721123795
5296.000000000442 0.9281507721123795
5297.000000000443 0.9281507721123795
5298.000000000443 0.9281507721123795
5299.000000000443 0.9281507721123795
5300.000000000444 0.9281507721123795
5301.000000000444 0.9281507721123795
5302.000000000444 0.9281507721123795
5303.000000000444 0.9281507721123795
5304.000000000444 0.9281507721123795
5305.000000000445 0.9281507721123795
5306.000000000445 0.9281507721123795
5307.000000000445 0.9281507721123795
5308.000000000446 0.9281507721123795
5309.000000000446 0.9281507721123795
5310.000000000446 0.9281507721123795
5311.000000000446 0.9281507721123795
5312.000000000446 0.9281507721123795
5313.000000000447 0.9281507721123795
5314.000000000447 0.9281507721123795
5315.000000000447 0.9281507721123795
5316.0000000004475 0.9281507721123795
5317.0000000004475 0.9281507721123795
5318.0000000004475 0.9281507721123795
5319.0000000004475 0.9281507721123795
5320.0000000004475 0.9281507721123795
5321.000000000448 0.9281507721123795
5322.000000000448 0.9281507721123795
5323.000000000448 0.9281507721123795
5324.000000000449 0.9281507721123795
5325.000000000449 0.9281507721123795
5326.000000000449 0.9281507721123795
5327.000000000449 0.9281507721123795
5328.000000000449 0.9281507721123795
5329.00000000045 0.9281507721123795
5330.00000000045 0.9281507721123795
5331.00000000045 0.9281507721123795
5332.000000000451 0.9281507721123795
5333.000000000451 0.9281507721123795
5334.000000000451 0.9281507721123795
5335.000000000451 0.9281507721123795
5336.000000000451 0.9281507721123795
5337.000000000452 0.9281507721123795
5338.000000000452 0.9281507721123795
5339.000000000452 0.9281507721123795
5340.000000000453 0.9281507721123795
5341.000000000453 0.9281507721123795
5342.000000000453 0.9281507721123795
5343.000000000453 0.9281507721123795
5344.000000000453 0.9281507721123795
5345.000000000454 0.9281507721123795
5346.000000000454 0.9281507721123795
5347.000000000454 0.9281507721123795
5348.000000000455 0.9281507721123795
5349.000000000455 0.9281507721123795
5350.000000000455 0.9281507721123795
5351.000000000455 0.9281507721123795
5352.000000000455 0.9281507721123795
5353.000000000456 0.9281507721123795
5354.000000000456 0.9281507721123795
5355.000000000456 0.9281507721123795
5356.000000000457 0.9281507721123795
5357.000000000457 0.9281507721123795
5358.000000000457 0.9281507721123795
5359.000000000457 0.9281507721123795
5360.000000000457 0.9281507721123795
5361.0000000004575 0.9281507721123795
5362.0000000004575 0.9281507721123795
5363.0000000004575 0.9281507721123795
5364.000000000458 0.9281507721123795
5365.000000000458 0.9281507721123795
5366.000000000458 0.9281507721123795
5367.000000000458 0.9281507721123795
5368.000000000458 0.9281507721123795
5369.000000000459 0.9281507721123795
5370.000000000459 0.9281507721123795
5371.000000000459 0.9281507721123795
5372.00000000046 0.9281507721123795
5373.00000000046 0.9281507721123795
5374.00000000046 0.9281507721123795
5375.00000000046 0.9281507721123795
5376.00000000046 0.9281507721123795
5377.000000000461 0.9281507721123795
5378.000000000461 0.9281507721123795
5379.000000000461 0.9281507721123795
5380.000000000462 0.9281507721123795
5381.000000000462 0.9281507721123795
5382.000000000462 0.9281507721123795
5383.000000000462 0.9281507721123795
5384.000000000462 0.9281507721123795
5385.000000000463 0.9281507721123795
5386.000000000463 0.9281507721123795
5387.000000000463 0.9281507721123795
5388.000000000464 0.9281507721123795
5389.000000000464 0.9281507721123795
5390.000000000464 0.9281507721123795
5391.000000000464 0.9281507721123795
5392.000000000464 0.9281507721123795
5393.000000000465 0.9281507721123795
5394.000000000465 0.9281507721123795
5395.000000000465 0.9281507721123795
5396.000000000466 0.9281507721123795
5397.000000000466 0.9281507721123795
5398.000000000466 0.9281507721123795
5399.000000000466 0.9281507721123795
5400.000000000466 0.9281507721123795
5401.000000000467 0.9281507721123795
5402.000000000467 0.9281507721123795
5403.000000000467 0.9281507721123795
5404.0000000004675 0.9281507721123795
5405.0000000004675 0.9281507721123795
5406.0000000004675 0.9281507721123795
5407.0000000004675 0.9281507721123795
5408.0000000004675 0.9281507721123795
5409.000000000468 0.9281507721123795
5410.000000000468 0.9281507721123795
5411.000000000468 0.9281507721123795
5412.000000000469 0.9281507721123795
5413.000000000469 0.9281507721123795
5414.000000000469 0.9281507721123795
5415.000000000469 0.9281507721123795
5416.000000000469 0.9281507721123795
5417.00000000047 0.9281507721123795
5418.00000000047 0.9281507721123795
5419.00000000047 0.9281507721123795
5420.000000000471 0.9281507721123795
5421.000000000471 0.9281507721123795
5422.000000000471 0.9281507721123795
5423.000000000471 0.9281507721123795
5424.000000000471 0.9281507721123795
5425.000000000472 0.9281507721123795
5426.000000000472 0.9281507721123795
5427.000000000472 0.9281507721123795
5428.000000000473 0.9281507721123795
5429.000000000473 0.9281507721123795
5430.000000000473 0.9281507721123795
5431.000000000473 0.9281507721123795
5432.000000000473 0.9281507721123795
5433.000000000474 0.9281507721123795
5434.000000000474 0.9281507721123795
5435.000000000474 0.9281507721123795
5436.000000000475 0.9281507721123795
5437.000000000475 0.9281507721123795
5438.000000000475 0.9281507721123795
5439.000000000475 0.9281507721123795
5440.000000000475 0.9281507721123795
5441.000000000476 0.9281507721123795
5442.000000000476 0.9281507721123795
5443.000000000476 0.9281507721123795
5444.000000000477 0.9281507721123795
5445.000000000477 0.9281507721123795
5446.000000000477 0.9281507721123795
5447.000000000477 0.9281507721123795
5448.000000000477 0.9281507721123795
5449.0000000004775 0.9281507721123795
5450.0000000004775 0.9281507721123795
5451.0000000004775 0.9281507721123795
5452.000000000478 0.9281507721123795
5453.000000000478 0.9281507721123795
5454.000000000478 0.9281507721123795
5455.000000000478 0.9281507721123795
5456.000000000478 0.9281507721123795
5457.000000000479 0.9281507721123795
5458.000000000479 0.9281507721123795
5459.000000000479 0.9281507721123795
5460.00000000048 0.9281507721123795
5461.00000000048 0.9281507721123795
5462.00000000048 0.9281507721123795
5463.00000000048 0.9281507721123795
5464.00000000048 0.9281507721123795
5465.000000000481 0.9281507721123795
5466.000000000481 0.9281507721123795
5467.000000000481 0.9281507721123795
5468.000000000482 0.9281507721123795
5469.000000000482 0.9281507721123795
5470.000000000482 0.9281507721123795
5471.000000000482 0.9281507721123795
5472.000000000482 0.9281507721123795
5473.000000000483 0.9281507721123795
5474.000000000483 0.9281507721123795
5475.000000000483 0.9281507721123795
5476.000000000484 0.9281507721123795
5477.000000000484 0.9281507721123795
5478.000000000484 0.9281507721123795
5479.000000000484 0.9281507721123795
5480.000000000484 0.9281507721123795
5481.000000000485 0.9281507721123795
5482.000000000485 0.9281507721123795
5483.000000000485 0.9281507721123795
5484.000000000486 0.9281507721123795
5485.000000000486 0.9281507721123795
5486.000000000486 0.9281507721123795
5487.000000000486 0.9281507721123795
5488.000000000486 0.9281507721123795
5489.000000000487 0.9281507721123795
5490.000000000487 0.9281507721123795
5491.000000000487 0.9281507721123795
5492.0000000004875 0.9281507721123795
5493.0000000004875 0.9281507721123795
5494.0000000004875 0.9281507721123795
5495.0000000004875 0.9281507721123795
5496.0000000004875 0.9281507721123795
5497.000000000488 0.9281507721123795
5498.000000000488 0.9281507721123795
5499.000000000488 0.9281507721123795
5500.000000000489 0.9281507721123795
5501.000000000489 0.9281507721123795
5502.000000000489 0.9281507721123795
5503.000000000489 0.9281507721123795
5504.000000000489 0.9281507721123795
5505.00000000049 0.9281507721123795
5506.00000000049 0.9281507721123795
5507.00000000049 0.9281507721123795
5508.000000000491 0.9281507721123795
5509.000000000491 0.9281507721123795
5510.000000000491 0.9281507721123795
5511.000000000491 0.9281507721123795
5512.000000000491 0.9281507721123795
5513.000000000492 0.9281507721123795
5514.000000000492 0.9281507721123795
5515.000000000492 0.9281507721123795
5516.000000000493 0.9281507721123795
5517.000000000493 0.9281507721123795
5518.000000000493 0.9281507721123795
5519.000000000493 0.9281507721123795
5520.000000000493 0.9281507721123795
5521.000000000494 0.9281507721123795
5522.000000000494 0.9281507721123795
5523.000000000494 0.9281507721123795
5524.000000000495 0.9281507721123795
5525.000000000495 0.9281507721123795
5526.000000000495 0.9281507721123795
5527.000000000495 0.9281507721123795
5528.000000000495 0.9281507721123795
5529.000000000496 0.9281507721123795
5530.000000000496 0.9281507721123795
5531.000000000496 0.9281507721123795
5532.000000000497 0.9281507721123795
5533.000000000497 0.9281507721123795
5534.000000000497 0.9281507721123795
5535.000000000497 0.9281507721123795
5536.000000000497 0.9281507721123795
5537.0000000004975 0.9281507721123795
5538.0000000004975 0.9281507721123795
5539.0000000004975 0.9281507721123795
5540.000000000498 0.9281507721123795
5541.000000000498 0.9281507721123795
5542.000000000498 0.9281507721123795
5543.000000000498 0.9281507721123795
5544.000000000498 0.9281507721123795
5545.000000000499 0.9281507721123795
5546.000000000499 0.9281507721123795
5547.000000000499 0.9281507721123795
5548.0000000005 0.9281507721123795
5549.0000000005 0.9281507721123795
5550.0000000005 0.9281507721123795
5551.0000000005 0.9281507721123795
5552.0000000005 0.9281507721123795
5553.000000000501 0.9281507721123795
5554.000000000501 0.9281507721123795
5555.000000000501 0.9281507721123795
5556.000000000502 0.9281507721123795
5557.000000000502 0.9281507721123795
5558.000000000502 0.9281507721123795
5559.000000000502 0.9281507721123795
5560.000000000502 0.9281507721123795
5561.000000000503 0.9281507721123795
5562.000000000503 0.9281507721123795
5563.000000000503 0.9281507721123795
5564.000000000504 0.9281507721123795
5565.000000000504 0.9281507721123795
5566.000000000504 0.9281507721123795
5567.000000000504 0.9281507721123795
5568.000000000504 0.9281507721123795
5569.000000000505 0.9281507721123795
5570.000000000505 0.9281507721123795
5571.000000000505 0.9281507721123795
5572.000000000506 0.9281507721123795
5573.000000000506 0.9281507721123795
5574.000000000506 0.9281507721123795
5575.000000000506 0.9281507721123795
5576.000000000506 0.9281507721123795
5577.000000000507 0.9281507721123795
5578.000000000507 0.9281507721123795
5579.000000000507 0.9281507721123795
5580.0000000005075 0.9281507721123795
5581.0000000005075 0.9281507721123795
5582.0000000005075 0.9281507721123795
5583.0000000005075 0.9281507721123795
5584.0000000005075 0.9281507721123795
5585.000000000508 0.9281507721123795
5586.000000000508 0.9281507721123795
5587.000000000508 0.9281507721123795
5588.000000000509 0.9281507721123795
5589.000000000509 0.9281507721123795
5590.000000000509 0.9281507721123795
5591.000000000509 0.9281507721123795
5592.000000000509 0.9281507721123795
5593.00000000051 0.9281507721123795
5594.00000000051 0.9281507721123795
5595.00000000051 0.9281507721123795
5596.000000000511 0.9281507721123795
5597.000000000511 0.9281507721123795
5598.000000000511 0.9281507721123795
5599.000000000511 0.9281507721123795
5600.000000000511 0.9281507721123795
5601.000000000512 0.9281507721123795
5602.000000000512 0.9281507721123795
5603.000000000512 0.9281507721123795
5604.000000000513 0.9281507721123795
5605.000000000513 0.9281507721123795
5606.000000000513 0.9281507721123795
5607.000000000513 0.9281507721123795
5608.000000000513 0.9281507721123795
5609.000000000514 0.9281507721123795
5610.000000000514 0.9281507721123795
5611.000000000514 0.9281507721123795
5612.000000000515 0.9281507721123795
5613.000000000515 0.9281507721123795
5614.000000000515 0.9281507721123795
5615.000000000515 0.9281507721123795
5616.000000000515 0.9281507721123795
5617.000000000516 0.9281507721123795
5618.000000000516 0.9281507721123795
5619.000000000516 0.9281507721123795
5620.000000000517 0.9281507721123795
5621.000000000517 0.9281507721123795
5622.000000000517 0.9281507721123795
5623.000000000517 0.9281507721123795
5624.000000000517 0.9281507721123795
5625.0000000005175 0.9281507721123795
5626.0000000005175 0.9281507721123795
5627.0000000005175 0.9281507721123795
5628.000000000518 0.9281507721123795
5629.000000000518 0.9281507721123795
5630.000000000518 0.9281507721123795
5631.000000000518 0.9281507721123795
5632.000000000518 0.9281507721123795
5633.000000000519 0.9281507721123795
5634.000000000519 0.9281507721123795
5635.000000000519 0.9281507721123795
5636.00000000052 0.9281507721123795
5637.00000000052 0.9281507721123795
5638.00000000052 0.9281507721123795
5639.00000000052 0.9281507721123795
5640.00000000052 0.9281507721123795
5641.000000000521 0.9281507721123795
5642.000000000521 0.9281507721123795
5643.000000000521 0.9281507721123795
5644.000000000522 0.9281507721123795
5645.000000000522 0.9281507721123795
5646.000000000522 0.9281507721123795
5647.000000000522 0.9281507721123795
5648.000000000522 0.9281507721123795
5649.000000000523 0.9281507721123795
5650.000000000523 0.9281507721123795
5651.000000000523 0.9281507721123795
5652.000000000524 0.9281507721123795
5653.000000000524 0.9281507721123795
5654.000000000524 0.9281507721123795
5655.000000000524 0.9281507721123795
5656.000000000524 0.9281507721123795
5657.000000000525 0.9281507721123795
5658.000000000525 0.9281507721123795
5659.000000000525 0.9281507721123795
5660.000000000526 0.9281507721123795
5661.000000000526 0.9281507721123795
5662.000000000526 0.9281507721123795
5663.000000000526 0.9281507721123795
5664.000000000526 0.9281507721123795
5665.000000000527 0.9281507721123795
5666.000000000527 0.9281507721123795
5667.000000000527 0.9281507721123795
5668.0000000005275 0.9281507721123795
5669.0000000005275 0.9281507721123795
5670.0000000005275 0.9281507721123795
5671.0000000005275 0.9281507721123795
5672.0000000005275 0.9281507721123795
5673.000000000528 0.9281507721123795
5674.000000000528 0.9281507721123795
5675.000000000528 0.9281507721123795
5676.000000000529 0.9281507721123795
5677.000000000529 0.9281507721123795
5678.000000000529 0.9281507721123795
5679.000000000529 0.9281507721123795
5680.000000000529 0.9281507721123795
5681.00000000053 0.9281507721123795
5682.00000000053 0.9281507721123795
5683.00000000053 0.9281507721123795
5684.000000000531 0.9281507721123795
5685.000000000531 0.9281507721123795
5686.000000000531 0.9281507721123795
5687.000000000531 0.9281507721123795
5688.000000000531 0.9281507721123795
5689.000000000532 0.9281507721123795
5690.000000000532 0.9281507721123795
5691.000000000532 0.9281507721123795
5692.000000000533 0.9281507721123795
5693.000000000533 0.9281507721123795
5694.000000000533 0.9281507721123795
5695.000000000533 0.9281507721123795
5696.000000000533 0.9281507721123795
5697.000000000534 0.9281507721123795
5698.000000000534 0.9281507721123795
5699.000000000534 0.9281507721123795
5700.000000000535 0.9281507721123795
5701.000000000535 0.9281507721123795
5702.000000000535 0.9281507721123795
5703.000000000535 0.9281507721123795
5704.000000000535 0.9281507721123795
5705.000000000536 0.9281507721123795
5706.000000000536 0.9281507721123795
5707.000000000536 0.9281507721123795
5708.000000000537 0.9281507721123795
5709.000000000537 0.9281507721123795
5710.000000000537 0.9281507721123795
5711.000000000537 0.9281507721123795
5712.000000000537 0.9281507721123795
5713.0000000005375 0.9281507721123795
5714.0000000005375 0.9281507721123795
5715.0000000005375 0.9281507721123795
5716.000000000538 0.9281507721123795
5717.000000000538 0.9281507721123795
5718.000000000538 0.9281507721123795
5719.000000000538 0.9281507721123795
5720.000000000538 0.9281507721123795
5721.000000000539 0.9281507721123795
5722.000000000539 0.9281507721116338
5723.000000000539 0.9267669477442664
5724.00000000054 0.9253831233766854
5725.00000000054 0.9236039206186425
5726.00000000054 0.9218247178605729
5727.00000000054 0.9199960928036943
5728.00000000054 0.9181674677468159
5729.000000000541 0.9163388426899385
5730.000000000541 0.9145102176330612
5731.000000000541 0.9126815925761838
5732.000000000542 0.9108529675193062
5733.000000000542 0.9090243424624277
5734.000000000542 0.907195717405576
5735.000000000542 0.9054165146475331
5736.000000000542 0.9036373118894635
5737.000000000543 0.901808686832585
5738.000000000543 0.8999800617757066
5739.000000000543 0.8981514367188291
5740.000000000544 0.8963228116619518
5741.000000000544 0.8944941866050744
5742.000000000544 0.8926655615481969
5743.000000000544 0.8908369364913183
5744.000000000544 0.8890083114344668
5745.000000000545 0.887229108676424
5746.000000000545 0.8854499059183543
5747.000000000545 0.8836212808614756
5748.000000000546 0.8817926558045972
5749.000000000546 0.8799640307477198
5750.000000000546 0.8781354056908424
5751.000000000546 0.8763067806339649
5752.000000000546 0.8744781555770875
5753.000000000547 0.872649530520209
5754.000000000547 0.8708209054633576
5755.000000000547 0.8690417027053147
5756.0000000005475 0.8672624999472448
5757.0000000005475 0.8654338748903663
5758.0000000005475 0.8636052498334879
5759.0000000005475 0.8617766247766104
5760.0000000005475 0.859947999719733
5761.000000000548 0.8581193746628556
5762.000000000548 0.8562907496052198
5763.000000000548 0.8530783001809739
5764.000000000549 0.8498658507564837
5765.000000000549 0.846208600642729
5766.000000000549 0.8425513505289469
5767.000000000549 0.8388446781163554
5768.000000000549 0.835138005703791
5769.00000000055 0.8314807555900363
5770.00000000055 0.8278235054762814
5771.00000000055 0.8241662553625265
5772.000000000551 0.8205090052487444
5773.000000000551 0.816802332836153
5774.000000000551 0.8130956604235887
5775.000000000551 0.809438410309834
5776.000000000551 0.8057811601960791
5777.000000000552 0.8021239100823221
5778.000000000552 0.7984666599685379
5779.000000000552 0.7947599875559486
5780.000000000553 0.7910533151433865
5781.000000000553 0.7873960650296317
5782.000000000553 0.7837388149158768
5783.000000000553 0.7800815648021199
5784.000000000553 0.7764243146883355
5785.000000000554 0.7727176422757462
5786.000000000554 0.7690109698631843
5787.000000000554 0.7653537197494273
5788.000000000555 0.7616964696356703
5789.000000000555 0.7580392195219154
5790.000000000555 0.7543819694081332
5791.000000000555 0.7506752969955438
5792.000000000555 0.746968624582982
5793.000000000556 0.743311374469225
5794.000000000556 0.7396541243554404
5795.000000000556 0.7359474519428512
5796.000000000557 0.7322407795302893
5797.000000000557 0.7285835294165324
5798.000000000557 0.7249262793027754
5799.000000000557 0.7212690291890206
5800.000000000557 0.7176117790752382
5801.0000000005575 0.7139051066626488
5802.0000000005575 0.710198434250087
5803.0000000005575 0.70654118413633
5804.000000000558 0.7028839340225731
5805.000000000558 0.6992266839088181
5806.000000000558 0.6955694337950359
5807.000000000558 0.6918627613824444
5808.000000000558 0.6881560889698806
5809.000000000559 0.6844988388561256
5810.000000000559 0.6808415887423708
5811.000000000559 0.6771843386286159
5812.00000000056 0.6735270885148334
5813.00000000056 0.6698204161022421
5814.00000000056 0.6661137436896782
5815.00000000056 0.6624564935759233
5816.00000000056 0.6587992434621408
5817.000000000561 0.6550925710495493
5818.000000000561 0.6513858986369856
5819.000000000561 0.6477286485232306
5820.000000000562 0.6440713984094758
5821.000000000562 0.640414148295721
5822.000000000562 0.6367568981819384
5823.000000000562 0.633050225769347
5824.000000000562 0.6293435533567833
5825.000000000563 0.6256863032430283
5826.000000000563 0.6220290531292735
5827.000000000563 0.6183718030155166
5828.000000000564 0.6147145529017319
5829.000000000564 0.6110078804891425
5830.000000000564 0.607301208076581
5831.000000000564 0.6036439579628261
5832.000000000564 0.5999867078490713
5833.000000000565 0.5963294577353143
5834.000000000565 0.5926722076215295
5835.000000000565 0.58896553520894
5836.000000000566 0.5852588627963786
5837.000000000566 0.5816016126826217
5838.000000000566 0.5779443625688369
5839.000000000566 0.5742376901562474
5840.000000000566 0.5705310177436861
5841.000000000567 0.5668737676299312
5842.000000000567 0.5632165175161763
5843.000000000567 0.5595592674024193
5844.0000000005675 0.5559020172886344
5845.0000000005675 0.552195344876045
5846.0000000005675 0.5484886724634837
5847.0000000005675 0.5448314223497267
5848.0000000005675 0.5411741722359699
5849.000000000568 0.537516922122215
5850.000000000568 0.5338596720084321
5851.000000000568 0.5301529995958427
5852.000000000569 0.5264463271832814
5853.000000000569 0.5227890770695245
5854.000000000569 0.5191318269557675
5855.000000000569 0.5154745768420128
5856.000000000569 0.5118173267282298
5857.00000000057 0.5081106543156382
5858.00000000057 0.5044039819030749
5859.00000000057 0.5007467317893202
5860.000000000571 0.49708948167556527
5861.000000000571 0.49343223156181043
5862.000000000571 0.48977498144802734
5863.000000000571 0.4860683090354359
5864.000000000571 0.4823616366228726
5865.000000000572 0.47870438650911784
5866.000000000572 0.47504713639533475
5867.000000000572 0.47134046398274326
5868.000000000573 0.46763379157018004
5869.000000000573 0.4639765414564252
5870.000000000573 0.46031929134267036
5871.000000000573 0.45666204122891546
5872.000000000573 0.4530047911151323
5873.000000000574 0.4492981187025408
5874.000000000574 0.4455914462899777
5875.000000000574 0.44193419617622287
5876.000000000575 0.43827694606246803
5877.000000000575 0.43461969594871114
5878.000000000575 0.4309624458349257
5879.000000000575 0.4272557734223364
5880.000000000575 0.4235491010097754
5881.000000000576 0.41989185089602055
5882.000000000576 0.41623460078226565
5883.000000000576 0.41257735066850876
5884.000000000577 0.4089201005547234
5885.000000000577 0.405213428142134
5886.000000000577 0.4015067557295731
5887.000000000577 0.39784950561581617
5888.000000000577 0.39419225550203074
5889.0000000005775 0.3904855830894413
5890.0000000005775 0.38677891067688047
5891.0000000005775 0.3831216605631257
5892.000000000578 0.37946441044937085
5893.000000000578 0.37580716033561384
5894.000000000578 0.37214991022182836
5895.000000000578 0.36844323780923893
5896.000000000578 0.3647365653966782
5897.000000000579 0.36107931528292125
5898.000000000579 0.3574220651691643
5899.000000000579 0.35376481505540947
5900.00000000058 0.350107564941626
5901.00000000058 0.34640089252903666
5902.00000000058 0.3426942201164759
5903.00000000058 0.339036970002719
5904.00000000058 0.335379719888962
5905.000000000581 0.33172246977520714
5906.000000000581 0.3280652196614236
5907.000000000581 0.3243585472488321
5908.000000000582 0.32065187483626945
5909.000000000582 0.31699462472251455
5910.000000000582 0.31333737460873096
5911.000000000582 0.3096307021961416
5912.000000000582 0.30592402978358096
5913.000000000583 0.302266779669824
5914.000000000583 0.29860952955606707
5915.000000000583 0.2949522794423123
5916.000000000584 0.29129502932852863
5917.000000000584 0.28758835691593715
5918.000000000584 0.2838816845033745
5919.000000000584 0.2802244343896197
5920.000000000584 0.2765671842758648
5921.000000000585 0.27290993416210996
5922.000000000585 0.2692526840483262
5923.000000000585 0.2655460116357347
5924.000000000586 0.2618393392231722
5925.000000000586 0.25818208910941737
5926.000000000586 0.2545248389956625
5927.000000000586 0.2508675888819056
5928.000000000586 0.24721033876811963
5929.000000000587 0.24350366635553028
5930.000000000587 0.23979699394296988
5931.000000000587 0.23613974382921502
5932.0000000005875 0.23248249371546018
5933.0000000005875 0.22882524360170325
5934.0000000005875 0.22516799348791727
5935.0000000005875 0.2214613210753279
5936.0000000005875 0.21775464866276759
5937.000000000588 0.21409739854901064
5938.000000000588 0.2104401484352246
5939.000000000588 0.20673347602263523
5940.000000000589 0.20302680361007497
5941.000000000589 0.19936955349632013
5942.000000000589 0.19571230338256526
5943.000000000589 0.19205505326880834
5944.000000000589 0.18839780315502225
5945.00000000059 0.18469113074243287
5946.00000000059 0.18098445832987267
5947.00000000059 0.17732720821611575
5948.000000000591 0.1736699581023588
5949.000000000591 0.17001270798860393
5950.000000000591 0.1663554578748199
5951.000000000591 0.1626487854622305
5952.000000000591 0.15894211304967035
5953.000000000592 0.15528486293591343
5954.000000000592 0.15162761282215648
5955.000000000592 0.14797036270840164
5956.000000000593 0.1443131125946175
5957.000000000593 0.14060644018202603
5958.000000000593 0.1368997677694639
5959.000000000593 0.13324251765570905
5960.000000000593 0.12958526754192484
5961.000000000594 0.12587859512933547
5962.000000000594 0.12217192271677543
5963.000000000594 0.1185146726030185
5964.000000000595 0.11485742248926158
5965.000000000595 0.11120017237550671
5966.000000000595 0.10754292226172248
5967.000000000595 0.103836249849131
5968.000000000595 0.10012957743656897
5969.000000000596 0.0964723273228141
5970.000000000596 0.09281507721011915
5971.000000000596 0.09093702985440721
5972.000000000597 0.08905898249872471
5973.000000000597 0.08723035744184623
5974.000000000597 0.08540173238493828
5975.000000000597 0.08352368502922634
5976.000000000597 0.08164563767354388
5977.0000000005975 0.0798170126166654
5978.0000000005975 0.07798838755975739
5979.0000000005975 0.07611034020404545
5980.000000000598 0.07423229284836305
5981.000000000598 0.07240366779148562
5982.000000000598 0.07057504273457865
5983.000000000598 0.06869699537886563
5984.000000000598 0.06681894802318221
5985.000000000599 0.0649903229663048
5986.000000000599 0.06316169790939777
5987.000000000599 0.06128365055368474
5988.0000000006 0.059405603197971724
5989.0000000006 0.05752755584225978
5990.0000000006 0.055649508486577494
5991.0000000006 0.05382088342970007
5992.0000000006 0.05199225837279298
5993.000000000601 0.050114211017079954
5994.000000000601 0.048236163661396665
5995.000000000601 0.04640753860451923
5996.000000000602 0.044578913547612085
5997.000000000602 0.04270086619189908
5998.000000000602 0.040822818836215836
5999.000000000602 0.03899419377933841
6000.000000000602 0.0371655687224312
6001.000000000603 0.035287521366719254
6002.000000000603 0.0334094740110073
6003.000000000603 0.03153142665529428
6004.000000000604 0.029653379299611104
6005.000000000604 0.027824754242733677
6006.000000000604 0.02599612918582642
6007.000000000604 0.0241180818301134
6008.000000000604 0.02224003447443027
6009.000000000605 0.02041140941755285
6010.000000000605 0.018582784360645532
6011.000000000605 0.016704737004933582
6012.000000000606 0.014826689649251523
6013.000000000606 0.012998064592373057
6014.000000000606 0.011169439535464646
6015.000000000606 0.009291392179752696
6016.000000000606 0.007413344824070693
6017.000000000607 0.005584719767192229
6018.000000000607 0.003756094710283761
6019.000000000607 0.0018780473545718106
6020.0000000006075 0.0
6021.0000000006075 0.0
6022.0000000006075 0.0
6023.0000000006075 0.0
6024.0000000006075 0.0
6025.000000000608 0.0
6026.000000000608 0.0
6027.000000000608 0.0
6028.000000000609 0.0
6029.000000000609 0.0
6030.000000000609 0.0
6031.000000000609 0.0
6032.000000000609 0.0
6033.00000000061 0.0
6034.00000000061 0.0
6035.00000000061 0.0
6036.000000000611 0.0
6037.000000000611 0.0
6038.000000000611 0.0
6039.000000000611 0.0
6040.000000000611 0.0
6041.000000000612 0.0
6042.000000000612 0.0
6043.000000000612 0.0
6044.000000000613 0.0
6045.000000000613 0.0
6046.000000000613 0.0
6047.000000000613 0.0
6048.000000000613 0.0
6049.000000000614 0.0
6050.000000000614 0.0
6051.000000000614 0.0
6052.000000000615 0.0
6053.000000000615 0.0
6054.000000000615 0.0
6055.000000000615 0.0
6056.000000000615 0.0
6057.000000000616 0.0
6058.000000000616 0.0
6059.000000000616 0.0
6060.000000000617 0.0
6061.000000000617 0.0
6062.000000000617 0.0
6063.000000000617 0.0
6064.000000000617 0.0
6065.000000000618 0.0
6066.000000000618 0.0
6067.000000000618 0.0
6068.0000000006185 0.0
6069.0000000006185 0.0
6070.0000000006185 0.0
6071.0000000006185 0.0
6072.0000000006185 0.0
6073.000000000619 0.0
6074.000000000619 0.0
6075.000000000619 0.0
6076.00000000062 0.0
6077.00000000062 0.0
