3430.0 0.0
3431.0 0.0
3432.0000000000005 0.0
3433.000000000001 0.0
3434.000000000001 0.0
3435.000000000001 0.0
3436.0000000000014 0.0
3437.000000000002 0.0
3438.000000000002 0.0
3439.000000000002 0.0
3440.0000000000023 0.0
3441.0000000000027 0.0
3442.0000000000027 0.0
3443.0000000000027 0.0
3444.000000000003 0.0
3445.0000000000036 0.0
3446.0000000000036 0.0
3447.0000000000036 0.0
3448.000000000004 0.0
3449.0000000000045 0.0
3450.0000000000045 0.0
3451.0000000000045 0.0
3452.000000000005 0.0
3453.0000000000055 0.0
3454.0000000000055 0.0
3455.0000000000055 0.0
3456.000000000006 0.0
3457.0000000000064 0.0
3458.0000000000064 0.0
3459.0000000000064 0.0
3460.000000000007 0.0
3461.0000000000073 0.0
3462.0000000000073 0.0
3463.0000000000073 0.0
3464.0000000000077 0.0
3465.000000000008 0.0
3466.000000000008 0.0
3467.000000000008 0.0
3468.0000000000086 0.0
3469.000000000009 0.0
3470.000000000009 0.0
3471.000000000009 0.0
3472.0000000000095 0.0
3473.00000000001 0.0
3474.00000000001 0.0
3475.00000000001 0.0
3476.0000000000105 0.0
3477.000000000011 0.0
3478.000000000011 0.0
3479.000000000011 0.0
3480.0000000000114 0.0
3481.000000000012 0.0
3482.000000000012 0.0
3483.000000000012 0.0
3484.0000000000123 1.1124956437508588e-14
3485.0000000000127 0.000889601379032575
3486.0000000000127 0.001779202758065768
3487.0000000000127 0.0036078278149437124
3488.000000000013 0.005436452871821012
3489.0000000000136 0.007215655629864416
3490.0000000000136 0.008994858387907824
3491.0000000000136 0.01077406114595123
3492.000000000014 0.012553263903995335
3493.0000000000146 0.014381888960873281
3494.0000000000146 0.016210514017750498
3495.0000000000146 0.017989716775793398
3496.000000000015 0.01976891953383703
3497.0000000000155 0.021597544590714973
3498.0000000000155 0.023426169647592157
3499.0000000000155 0.025205372405635564
3500.000000000016 0.026984575163678973
3501.0000000000164 0.028763777921722376
3502.0000000000164 0.030542980679766595
3503.0000000000164 0.03237160573664454
3504.000000000017 0.03420023079352164
3505.0000000000173 0.03597943355156454
3506.0000000000173 0.03775863630960829
3507.0000000000173 0.03958726136648623
3508.0000000000177 0.0414158864233633
3509.000000000018 0.04319508918140671
3510.000000000018 0.044974291939450114
3511.000000000018 0.04675349469749352
3512.0000000000186 0.04853269745553785
3513.000000000019 0.050361322512415804
3514.000000000019 0.052189947569292794
3515.000000000019 0.05396915032733569
3516.0000000000196 0.055748353085379544
3517.00000000002 0.05757697814225749
3518.00000000002 0.05940560319913445
3519.00000000002 0.06118480595717786
3520.0000000000205 0.06296400871522126
3521.000000000021 0.06474321147326467
3522.000000000021 0.06652241423130911
3523.000000000021 0.06835103928818705
3524.0000000000214 0.07017966434506394
3525.000000000022 0.07195886710310682
3526.000000000022 0.07373806986115079
3527.000000000022 0.07556669491802874
3528.0000000000223 0.07739531997490559
3529.0000000000227 0.079174522732949
3530.0000000000227 0.0809537254909924
3531.0000000000227 0.08273292824903582
3532.000000000023 0.08451213100708038
3533.0000000000236 0.08634075606395832
3534.0000000000236 0.08816938112085633
3535.0000000000236 0.09083818525792067
3536.000000000024 0.09350698939500744
3537.0000000000246 0.09711481720992879
3538.0000000000246 0.10072264502485015
3539.0000000000246 0.1043304728397715
3540.000000000025 0.10793830065469284
3541.0000000000255 0.1115461284696142
3542.0000000000255 0.11515395628453555
3543.0000000000255 0.1187617840994569
3544.000000000026 0.12236961191437694
3545.0000000000264 0.12592801743046275
3546.0000000000264 0.12948642294654986
3547.0000000000264 0.1330942507614712
3548.000000000027 0.13670207857639255
3549.0000000000273 0.1403099063913139
3550.0000000000273 0.14391773420623524
3551.0000000000273 0.1475255620211566
3552.0000000000277 0.15113338983607796
3553.000000000028 0.15474121765099932
3554.000000000028 0.15834904546591924
3555.000000000028 0.16190745098200504
3556.0000000000286 0.16546585649809226
3557.000000000029 0.1690736843130136
3558.000000000029 0.17268151212793492
3559.000000000029 0.17628933994285628
3560.0000000000296 0.17989716775777764
3561.00000000003 0.183504995572699
3562.00000000003 0.18711282338762036
3563.00000000003 0.1907206512025417
3564.0000000000305 0.19432847901746153
3565.000000000031 0.19788688453354736
3566.000000000031 0.20144529004963468
3567.000000000031 0.205053117864556
3568.0000000000314 0.20866094567947735
3569.000000000032 0.2122687734943987
3570.000000000032 0.21587660130932007
3571.000000000032 0.21948442912424143
3572.0000000000323 0.22309225693916276
3573.0000000000327 0.22670008475408412
3574.0000000000327 0.23030791256900385
3575.0000000000327 0.23386631808508962
3576.000000000033 0.23742472360117706
3577.0000000000337 0.2410325514160984
3578.0000000000337 0.24464037923101975
3579.0000000000337 0.2482482070459411
3580.000000000034 0.2518560348608625
3581.0000000000346 0.2554638626757838
3582.0000000000346 0.25907169049070516
3583.0000000000346 0.2626795183056265
3584.000000000035 0.2662873461205461
3585.0000000000355 0.26984575163663194
3586.0000000000355 0.2734041571527195
3587.0000000000355 0.2770119849676408
3588.000000000036 0.28061981278256215
3589.0000000000364 0.2842276405974835
3590.0000000000364 0.28783546841240487
3591.0000000000364 0.29144329622732623
3592.000000000037 0.29505112404224754
3593.0000000000373 0.29865895185716895
3594.0000000000373 0.3022667796720884
3595.0000000000373 0.3058251851881742
3596.0000000000377 0.30938359070426186
3597.000000000038 0.3129914185191832
3598.000000000038 0.3165992463341045
3599.000000000038 0.3202070741490259
3600.0000000000387 0.3238149019639473
3601.000000000039 0.3274227297788686
3602.000000000039 0.33103055759378996
3603.000000000039 0.3346383854087113
3604.0000000000396 0.3382462132236307
3605.00000000004 0.34180461873971646
3606.00000000004 0.34536302425580423
3607.00000000004 0.34897085207072565
3608.0000000000405 0.352578679885647
3609.000000000041 0.3561865077005683
3610.000000000041 0.35979433551548967
3611.000000000041 0.36340216333041103
3612.0000000000414 0.3670099911453324
3613.000000000042 0.37061781896025375
3614.000000000042 0.374225646775173
3615.000000000042 0.3777840522912588
3616.0000000000423 0.38134245780734666
3617.0000000000427 0.384950285622268
3618.0000000000427 0.3885581134371894
3619.0000000000427 0.39216594125211074
3620.000000000043 0.3957737690670321
3621.0000000000437 0.39938159688195346
3622.0000000000437 0.40298942469687477
3623.0000000000437 0.4065972525117961
3624.000000000044 0.41020508032671527
3625.0000000000446 0.4137634858428011
3626.0000000000446 0.4173218913588891
3627.0000000000446 0.42092971917381045
3628.000000000045 0.4245375469887318
3629.0000000000455 0.42814537480365317
3630.0000000000455 0.4317532026185745
3631.0000000000455 0.43536103043349583
3632.000000000046 0.43896885824841714
3633.0000000000464 0.44257668606333855
3634.0000000000464 0.44618451387825764
3635.0000000000464 0.4497429193943434
3636.000000000047 0.4533013249104315
3637.0000000000473 0.4569091527253529
3638.0000000000473 0.4605169805402742
3639.0000000000473 0.46412480835519554
3640.0000000000477 0.4677326361701169
3641.000000000048 0.4713404639850382
3642.000000000048 0.47494829179995957
3643.000000000048 0.4785561196148809
3644.0000000000487 0.4821639474297999
3645.000000000049 0.48572235294588567
3646.000000000049 0.4892807584619739
3647.000000000049 0.49288858627689525
3648.0000000000496 0.4964964140918166
3649.00000000005 0.500104241906738
3650.00000000005 0.5037120697216594
3651.00000000005 0.5073198975365807
3652.0000000000505 0.510927725351502
3653.000000000051 0.5145355531664233
3654.000000000051 0.5181433809813422
3655.000000000051 0.5217017864974279
3656.0000000000514 0.5252601920135163
3657.000000000052 0.5288680198284377
3658.000000000052 0.532475847643359
3659.000000000052 0.5360836754582804
3660.0000000000523 0.5396915032732017
3661.0000000000528 0.5432993310881231
3662.0000000000528 0.5469071589030444
3663.0000000000528 0.5505149867179657
3664.000000000053 0.5541228145328845
3665.0000000000537 0.5576812200489702
3666.0000000000537 0.5612396255650587
3667.0000000000537 0.5648474533799801
3668.000000000054 0.5684552811949013
3669.0000000000546 0.5720631090098228
3670.0000000000546 0.5756709368247441
3671.0000000000546 0.5792787646396654
3672.000000000055 0.5828865924545868
3673.0000000000555 0.5864944202695082
3674.0000000000555 0.5901022480844267
3675.0000000000555 0.5936606536005126
3676.000000000056 0.597219059116601
3677.0000000000564 0.6008268869315225
3678.0000000000564 0.6044347147464438
3679.0000000000564 0.6080425425613653
3680.000000000057 0.6116503703762866
3681.0000000000573 0.6152581981912079
3682.0000000000573 0.6188660260061292
3683.0000000000573 0.6224738538210505
3684.0000000000578 0.626081681635969
3685.000000000058 0.6296400871520549
3686.000000000058 0.6331984926681434
3687.000000000058 0.636806320483065
3688.0000000000587 0.6404141482979863
3689.000000000059 0.6440219761129076
3690.000000000059 0.647629803927829
3691.000000000059 0.6512376317427502
3692.0000000000596 0.6548454595576716
3693.00000000006 0.6584532873725929
3694.00000000006 0.6620611151875113
3695.00000000006 0.6656195207035972
3696.0000000000605 0.669177926219686
3697.000000000061 0.6727857540346073
3698.000000000061 0.6763935818495287
3699.000000000061 0.6800014096644499
3700.0000000000614 0.6836092374793713
3701.000000000062 0.6872170652942926
3702.000000000062 0.690824893109214
3703.000000000062 0.6944327209241353
3704.0000000000623 0.6980405487390537
3705.0000000000628 0.7015989542551395
3706.0000000000628 0.7051573597712284
3707.0000000000628 0.7087651875861497
3708.000000000063 0.712373015401071
3709.0000000000637 0.7159808432159923
3710.0000000000637 0.7195886710309137
3711.0000000000637 0.723196498845835
3712.000000000064 0.7268043266607565
3713.0000000000646 0.7304121544756778
3714.0000000000646 0.734019982290596
3715.0000000000646 0.7375783878066818
3716.000000000065 0.7411367933227707
3717.0000000000655 0.744744621137692
3718.0000000000655 0.7483524489526134
3719.0000000000655 0.7519602767675347
3720.000000000066 0.7555681045824562
3721.0000000000664 0.7591759323973775
3722.0000000000664 0.7627837602122989
3723.0000000000664 0.7663915880272202
3724.000000000067 0.7699994158421383
3725.0000000000673 0.773557821358224
3726.0000000000673 0.7771162268743131
3727.0000000000673 0.7807240546892344
3728.0000000000678 0.7843318825041559
3729.000000000068 0.7879397103190772
3730.000000000068 0.7915475381339986
3731.000000000068 0.7951553659489199
3732.0000000000687 0.7987631937638413
3733.000000000069 0.8023710215787626
3734.000000000069 0.8059788493936806
3735.000000000069 0.8095372549097662
3736.0000000000696 0.8130956604258556
3737.00000000007 0.8167034882407769
3738.00000000007 0.8203113160556983
3739.00000000007 0.8239191438706196
3740.0000000000705 0.827526971685541
3741.000000000071 0.8311347995004623
3742.000000000071 0.8347426273152854
3743.000000000071 0.8369666307628396
3744.0000000000714 0.8391906342103654
3745.000000000072 0.8410192592672429
3746.000000000072 0.8428478843241168
3747.000000000072 0.8446270870821602
3748.0000000000723 0.8464062898402035
3749.0000000000728 0.848185492598247
3750.0000000000728 0.849964695356294
3751.0000000000728 0.851793320413172
3752.000000000073 0.8536219454700463
3753.0000000000737 0.8554011482280898
3754.0000000000737 0.8571803509861367
3755.0000000000737 0.8590089760430142
3756.000000000074 0.8608376010998879
3757.0000000000746 0.8626168038579315
3758.0000000000746 0.8643960066159748
3759.0000000000746 0.8661752093740182
3760.000000000075 0.8679544121320653
3761.0000000000755 0.8697830371889432
3762.0000000000755 0.8716116622458175
3763.0000000000755 0.8733908650038609
3764.000000000076 0.875170067761908
3765.0000000000764 0.8769986928187854
3766.0000000000764 0.8788273178756592
3767.0000000000764 0.8806065206337026
3768.000000000077 0.8823857233917459
3769.0000000000773 0.8841649261497894
3770.0000000000773 0.8859441289078365
3771.0000000000773 0.8877727539647146
3772.0000000000778 0.8896013790215886
3773.000000000078 0.891380581779632
3774.000000000078 0.8931597845376792
3775.000000000078 0.8949884095945567
3776.0000000000787 0.8968170346513954
3777.000000000079 0.8981514367199279
3778.000000000079 0.8994858387883551
3779.000000000079 0.8994858387883551
3780.0000000000796 0.8994858387883551
3781.00000000008 0.8994858387883551
3782.00000000008 0.8994858387883551
3783.00000000008 0.8994858387883551
3784.0000000000805 0.8994858387883551
3785.000000000081 0.8994858387883551
3786.000000000081 0.8994858387883551
3787.000000000081 0.8994858387883551
3788.0000000000814 0.8994858387883551
3789.000000000082 0.8994858387883551
3790.000000000082 0.8994858387883551
3791.000000000082 0.8994858387883551
3792.0000000000823 0.8994858387883551
3793.0000000000828 0.8994858387883551
3794.0000000000828 0.8994858387883551
3795.0000000000828 0.8994858387883551
3796.000000000083 0.8994858387883551
3797.0000000000837 0.8994858387883551
3798.0000000000837 0.8994858387883551
3799.0000000000837 0.8994858387883551
3800.000000000084 0.8994858387883551
3801.0000000000846 0.8994858387883551
3802.0000000000846 0.8994858387883551
3803.0000000000846 0.8994858387883551
3804.000000000085 0.8994858387883551
3805.0000000000855 0.8994858387883551
3806.0000000000855 0.8994858387883551
3807.0000000000855 0.8994858387883551
3808.000000000086 0.8994858387883551
3809.0000000000864 0.8994858387883551
3810.0000000000864 0.8994858387883551
3811.0000000000864 0.8994858387883551
3812.000000000087 0.8994858387883551
3813.0000000000873 0.8994858387883551
3814.0000000000873 0.8994858387883551
3815.0000000000873 0.8994858387883551
3816.0000000000878 0.8994858387883551
3817.000000000088 0.8994858387883551
3818.000000000088 0.8994858387883551
3819.000000000088 0.8994858387883551
3820.0000000000887 0.8994858387883551
3821.000000000089 0.8994858387883551
3822.000000000089 0.8994858387883551
3823.000000000089 0.8994858387883551
3824.0000000000896 0.8994858387883551
3825.00000000009 0.8994858387883551
3826.00000000009 0.8994858387883551
3827.00000000009 0.8994858387883551
3828.0000000000905 0.8994858387883551
3829.000000000091 0.8994858387883551
3830.000000000091 0.8994858387883551
3831.000000000091 0.8994858387883551
3832.0000000000914 0.8994858387883551
3833.000000000092 0.8994858387883551
3834.000000000092 0.8994858387883551
3835.000000000092 0.8994858387883551
3836.0000000000923 0.8994858387883551
3837.0000000000928 0.8994858387883551
3838.0000000000928 0.8994858387883551
3839.0000000000928 0.8994858387883551
3840.000000000093 0.8994858387883551
3841.0000000000937 0.8994858387883551
3842.0000000000937 0.8994858387883551
3843.0000000000937 0.8994858387883551
3844.000000000094 0.8994858387883551
3845.0000000000946 0.8994858387883551
3846.0000000000946 0.8994858387883551
3847.0000000000946 0.8994858387883551
3848.000000000095 0.8994858387883551
3849.0000000000955 0.8994858387883551
3850.0000000000955 0.8994858387883551
3851.0000000000955 0.8994858387883551
3852.000000000096 0.8994858387883551
3853.0000000000964 0.8994858387883551
3854.0000000000964 0.8994858387883551
3855.0000000000964 0.8994858387883551
3856.000000000097 0.8994858387883551
3857.0000000000973 0.8994858387883551
3858.0000000000973 0.8994858387883551
3859.0000000000973 0.8994858387883551
3860.0000000000978 0.8994858387883551
3861.000000000098 0.8994858387883551
3862.000000000098 0.8994858387883551
3863.000000000098 0.8994858387883551
3864.0000000000987 0.8994858387883551
3865.000000000099 0.8994858387883551
3866.000000000099 0.8994858387883551
3867.000000000099 0.8994858387883551
3868.0000000000996 0.8994858387883551
3869.0000000001 0.8994858387883551
3870.0000000001 0.8994858387883551
3871.0000000001 0.8994858387883551
3872.0000000001005 0.8994858387883551
3873.000000000101 0.8994858387883551
3874.000000000101 0.8994858387883551
3875.000000000101 0.8994858387883551
3876.0000000001014 0.8994858387883551
3877.000000000102 0.8994858387883551
3878.000000000102 0.8994858387883551
3879.000000000102 0.8994858387883551
3880.0000000001023 0.8994858387883551
3881.000000000103 0.8994858387883551
3882.000000000103 0.8994858387883551
3883.000000000103 0.8994858387883551
3884.0000000001032 0.8994858387883551
3885.0000000001037 0.8994858387883551
3886.0000000001037 0.8994858387883551
3887.0000000001037 0.8994858387883551
3888.000000000104 0.8994858387883551
3889.0000000001046 0.8994858387883551
3890.0000000001046 0.8994858387883551
3891.0000000001046 0.8994858387883551
3892.000000000105 0.8994858387883551
3893.0000000001055 0.8994858387883551
3894.0000000001055 0.8994858387883551
3895.0000000001055 0.8994858387883551
3896.000000000106 0.8994858387883551
3897.0000000001064 0.8994858387883551
3898.0000000001064 0.8994858387883551
3899.0000000001064 0.8994858387883551
3900.0000000001137 0.8994858387883551
3901.0000000001137 0.8994858387883551
3902.000000000114 0.8994858387883551
3903.0000000001146 0.8994858387883551
3904.0000000001146 0.8994858387883551
3905.0000000001146 0.8994858387883551
3906.000000000115 0.8994858387883551
3907.0000000001155 0.8994858387883551
3908.0000000001155 0.8994858387883551
3909.0000000001155 0.8994858387883551
3910.000000000116 0.8994858387883551
3911.0000000001164 0.8994858387883551
3912.0000000001164 0.8994858387883551
3913.0000000001164 0.8994858387883551
3914.000000000117 0.8994858387883551
3915.0000000001173 0.8994858387883551
3916.0000000001173 0.8994858387883551
3917.0000000001173 0.8994858387883551
3918.000000000118 0.8994858387883551
3919.0000000001182 0.8994858387883551
3920.0000000001182 0.8994858387883551
3921.0000000001182 0.8994858387883551
3922.0000000001187 0.8994858387883551
3923.000000000119 0.8994858387883551
3924.000000000119 0.8994858387883551
3925.000000000119 0.8994858387883551
3926.0000000001196 0.8994858387883551
3927.00000000012 0.8994858387883551
3928.00000000012 0.8994858387883551
3929.00000000012 0.8994858387883551
3930.0000000001205 0.8994858387883551
3931.000000000121 0.8994858387883551
3932.000000000121 0.8994858387883551
3933.000000000121 0.8994858387883551
3934.0000000001214 0.8994858387883551
3935.000000000122 0.8994858387883551
3936.000000000122 0.8994858387883551
3937.000000000122 0.8994858387883551
3938.0000000001223 0.8994858387883551
3939.000000000123 0.8994858387883551
3940.000000000123 0.8994858387883551
3941.000000000123 0.8994858387883551
3942.0000000001232 0.8994858387883551
3943.0000000001237 0.8994858387883551
3944.0000000001237 0.8994858387883551
3945.0000000001237 0.8994858387883551
3946.000000000124 0.8994858387883551
3947.0000000001246 0.8994858387883551
3948.0000000001246 0.8994858387883551
3949.0000000001246 0.8994858387883551
3950.000000000125 0.8994858387883551
3951.0000000001255 0.8994858387883551
3952.0000000001255 0.8994858387883551
3953.0000000001255 0.8994858387883551
3954.000000000126 0.8994858387883551
3955.0000000001264 0.8994858387883551
3956.0000000001264 0.8994858387883551
3957.0000000001264 0.8994858387883551
3958.000000000127 0.8994858387883551
3959.0000000001273 0.8994858387883551
3960.0000000001273 0.8994858387883551
3961.0000000001273 0.8994858387883551
3962.000000000128 0.8994858387883551
3963.0000000001282 0.8994858387883551
3964.0000000001282 0.8994858387883551
3965.0000000001282 0.8994858387883551
3966.0000000001287 0.8994858387883551
3967.000000000129 0.8994858387883551
3968.000000000129 0.8994858387883551
3969.000000000129 0.8994858387883551
3970.0000000001296 0.8994858387883551
3971.00000000013 0.8994858387883551
3972.00000000013 0.8994858387883551
3973.00000000013 0.8994858387883551
3974.0000000001305 0.8994858387883551
3975.000000000131 0.8994858387883551
3976.000000000131 0.8994858387883551
3977.000000000131 0.8994858387883551
3978.0000000001314 0.8994858387883551
3979.000000000132 0.8994858387883551
3980.000000000132 0.8994858387883551
3981.000000000132 0.8994858387883551
3982.0000000001323 0.8994858387883551
3983.000000000133 0.8994858387883551
3984.000000000133 0.8994858387883551
3985.000000000133 0.8994858387883551
3986.0000000001332 0.8994858387883551
3987.0000000001337 0.8994858387883551
3988.0000000001337 0.8994858387883551
3989.0000000001337 0.8994858387883551
3990.000000000134 0.8994858387883551
3991.0000000001346 0.8994858387883551
3992.0000000001346 0.8994858387883551
3993.0000000001346 0.8994858387883551
3994.000000000135 0.8994858387883551
3995.0000000001355 0.8994858387883551
3996.0000000001355 0.8994858387883551
3997.0000000001355 0.8994858387883551
3998.000000000136 0.8994858387883551
3999.0000000001364 0.8994858387883551
4000.0000000001364 0.8994858387883551
4001.0000000001364 0.8994858387883551
4002.000000000137 0.8994858387883551
4003.0000000001373 0.8994858387883551
4004.0000000001373 0.8994858387883551
4005.0000000001373 0.8994858387883551
4006.000000000138 0.8994858387883551
4007.0000000001382 0.8994858387883551
4008.0000000001382 0.8994858387883551
4009.0000000001382 0.8994858387883551
4010.0000000001387 0.8994858387883551
4011.000000000139 0.8994858387883551
4012.000000000139 0.8994858387883551
4013.000000000139 0.8994858387883551
4014.0000000001396 0.8994858387883551
4015.00000000014 0.8994858387883551
4016.00000000014 0.8994858387883551
4017.00000000014 0.8994858387883551
4018.0000000001405 0.8994858387883551
4019.000000000141 0.8994858387883551
4020.000000000141 0.8994858387883551
4021.000000000141 0.8994858387883551
4022.0000000001414 0.8994858387883551
4023.000000000142 0.8994858387883551
4024.000000000142 0.8994858387883551
4025.000000000142 0.8994858387883551
4026.0000000001423 0.8994858387883551
4027.000000000143 0.8994858387883551
4028.000000000143 0.8994858387883551
4029.000000000143 0.8994858387883551
4030.0000000001432 0.8994858387883551
4031.0000000001437 0.8994858387883551
4032.0000000001437 0.8994858387883551
4033.0000000001437 0.8994858387883551
4034.000000000144 0.8994858387883551
4035.0000000001446 0.8994858387883551
4036.0000000001446 0.8994858387883551
4037.0000000001446 0.8994858387883551
4038.000000000145 0.8994858387883551
4039.0000000001455 0.8994858387883551
4040.0000000001455 0.8994858387883551
4041.0000000001455 0.8994858387883551
4042.000000000146 0.8994858387883551
4043.0000000001464 0.8994858387883551
4044.0000000001464 0.8994858387883551
4045.0000000001464 0.8994858387883551
4046.000000000147 0.8994858387883551
4047.0000000001473 0.8994858387883551
4048.0000000001473 0.8994858387883551
4049.0000000001473 0.8994858387883551
4050.000000000148 0.8994858387883551
4051.0000000001482 0.8994858387883551
4052.0000000001482 0.8994858387883551
4053.0000000001482 0.8994858387883551
4054.0000000001487 0.8994858387883551
4055.000000000149 0.8994858387883551
4056.000000000149 0.8994858387883551
4057.000000000149 0.8994858387883551
4058.0000000001496 0.8994858387883551
4059.00000000015 0.8994858387883551
4060.00000000015 0.8994858387883551
4061.00000000015 0.8994858387883551
4062.0000000001505 0.8994858387883551
4063.000000000151 0.8994858387883551
4064.000000000151 0.8994858387883551
4065.000000000151 0.8994858387883551
4066.0000000001514 0.8994858387883551
4067.000000000152 0.8994858387883551
4068.000000000152 0.8994858387883551
4069.000000000152 0.8994858387883551
4070.0000000001523 0.8994858387883551
4071.000000000153 0.8994858387883551
4072.000000000153 0.8994858387883551
4073.000000000153 0.8994858387883551
4074.0000000001532 0.8994858387883551
4075.0000000001537 0.8994858387883551
4076.0000000001537 0.8994858387883551
4077.0000000001537 0.8994858387883551
4078.000000000154 0.8994858387883551
4079.0000000001546 0.8994858387883551
4080.0000000001546 0.8994858387883551
4081.0000000001546 0.8994858387883551
4082.000000000155 0.8994858387883551
4083.0000000001555 0.8994858387883551
4084.0000000001555 0.8994858387883551
4085.0000000001555 0.8994858387883551
4086.000000000156 0.8994858387883551
4087.0000000001564 0.8994858387883551
4088.0000000001564 0.8994858387883551
4089.0000000001564 0.8994858387883551
4090.000000000157 0.8994858387883551
4091.0000000001573 0.8994858387883551
4092.0000000001573 0.8994858387883551
4093.0000000001573 0.8994858387883551
4094.000000000158 0.8994858387883551
4095.0000000001583 0.8994858387883551
4096.000000000158 0.8994858387883551
4097.000000000158 0.8994858387883551
4098.000000000158 0.8994858387883551
4099.000000000159 0.8994858387883551
4100.000000000159 0.8994858387883551
4101.000000000159 0.8994858387883551
4102.00000000016 0.8994858387883551
4103.00000000016 0.8994858387883551
4104.00000000016 0.8994858387883551
4105.00000000016 0.8994858387883551
4106.00000000016 0.8994858387883551
4107.000000000161 0.8994858387883551
4108.000000000161 0.8994858387883551
4109.000000000161 0.8994858387883551
4110.000000000162 0.8994858387883551
4111.000000000162 0.8994858387883551
4112.000000000162 0.8994858387883551
4113.000000000162 0.8994858387883551
4114.000000000162 0.8994858387883551
4115.000000000163 0.8994858387883551
4116.000000000163 0.8994858387883551
4117.000000000163 0.8994858387883551
4118.000000000164 0.8994858387883551
4119.000000000164 0.8994858387883551
4120.000000000164 0.8994858387883551
4121.000000000164 0.8994858387883551
4122.000000000164 0.8994858387883551
4123.000000000165 0.8994858387883551
4124.000000000165 0.8994858387883551
4125.000000000165 0.8994858387883551
4126.0000000001655 0.8994858387883551
4127.0000000001655 0.8994858387883551
4128.0000000001655 0.8994858387883551
4129.0000000001655 0.8994858387883551
4130.0000000001655 0.8994858387883551
4131.000000000166 0.8994858387883551
4132.000000000166 0.8994858387883551
4133.000000000166 0.8994858387883551
4134.000000000167 0.8994858387883551
4135.000000000167 0.8994858387883551
4136.000000000167 0.8994858387883551
4137.000000000167 0.8994858387883551
4138.000000000167 0.8994858387883551
4139.000000000168 0.8994858387883551
4140.000000000168 0.8994858387883551
4141.000000000168 0.8994858387883551
4142.000000000169 0.8994858387883551
4143.000000000169 0.8994858387883551
4144.000000000169 0.8994858387883551
4145.000000000169 0.8994858387883551
4146.000000000169 0.8994858387883551
4147.00000000017 0.8994858387883551
4148.00000000017 0.8994858387883551
4149.00000000017 0.8994858387883551
4150.000000000171 0.8994858387883551
4151.000000000171 0.8994858387883551
4152.000000000171 0.8994858387883551
4153.000000000171 0.8994858387883551
4154.000000000171 0.8994858387883551
4155.000000000172 0.8994858387883551
4156.000000000172 0.8994858387883551
4157.000000000172 0.8994858387883551
4158.000000000173 0.8994858387883551
4159.000000000173 0.8994858387883551
4160.000000000173 0.8994858387883551
4161.000000000173 0.8994858387883551
4162.000000000173 0.8994858387883551
4163.000000000174 0.8994858387883551
4164.000000000174 0.8994858387883551
4165.000000000174 0.8994858387883551
4166.000000000175 0.8994858387883551
4167.000000000175 0.8994858387883551
4168.000000000175 0.8994858387883551
4169.000000000175 0.8994858387883551
4170.000000000175 0.8994858387883551
4171.0000000001755 0.8994858387883551
4172.0000000001755 0.8994858387883551
4173.0000000001755 0.8994858387883551
4174.000000000176 0.8994858387883551
4175.000000000176 0.8994858387883551
4176.000000000176 0.8994858387883551
4177.000000000176 0.8994858387883551
4178.000000000176 0.8994858387883551
4179.000000000177 0.8994858387883551
4180.000000000177 0.8994858387883551
4181.000000000177 0.8994858387883551
4182.000000000178 0.8994858387883551
4183.000000000178 0.8994858387883551
4184.000000000178 0.8994858387883551
4185.000000000178 0.8994858387883551
4186.000000000178 0.8994858387883551
4187.000000000179 0.8994858387883551
4188.000000000179 0.8994858387883551
4189.000000000179 0.8994858387883551
4190.00000000018 0.8994858387883551
4191.00000000018 0.8994858387883551
4192.00000000018 0.8994858387881146
4193.00000000018 0.8981514367195821
4194.00000000018 0.8968170346509602
4195.000000000181 0.8949884095940827
4196.000000000181 0.8931597845372141
4197.000000000181 0.8913805817791708
4198.000000000182 0.8896013790211275
4199.000000000182 0.8878221762630839
4200.000000000182 0.8860429735050316
4201.000000000182 0.8842143484481537
4202.000000000182 0.8823857233912848
4203.000000000183 0.8806065206332414
4204.000000000183 0.8788273178751889
4205.000000000183 0.8769986928183114
4206.000000000184 0.875170067761443
4207.000000000184 0.8733908650033997
4208.000000000184 0.8716116622453562
4209.000000000184 0.8698324594873129
4210.000000000184 0.8680532567292604
4211.000000000185 0.8662246316723825
4212.000000000185 0.8643960066155136
4213.000000000185 0.8626168038574702
4214.0000000001855 0.8608376010994176
4215.0000000001855 0.8590089760425402
4216.0000000001855 0.8571803509856719
4217.0000000001855 0.8554011482276285
4218.0000000001855 0.8536219454695851
4219.000000000186 0.8518427427115418
4220.000000000186 0.850063539953489
4221.000000000186 0.8482349148966111
4222.000000000187 0.8464062898397424
4223.000000000187 0.8446270870816991
4224.000000000187 0.8428478843236463
4225.000000000187 0.8410192592667689
4226.000000000187 0.8391906342098173
4227.000000000188 0.8369666307622632
4228.000000000188 0.8347426273144485
4229.000000000188 0.8311347994995271
4230.000000000189 0.8275269716846059
4231.000000000189 0.8239191438696845
4232.000000000189 0.820311316054763
4233.000000000189 0.8167034882398417
4234.000000000189 0.8130956604249298
4235.00000000019 0.809537254908844
4236.00000000019 0.8059788493927488
4237.00000000019 0.8023710215778274
4238.000000000191 0.7987631937629062
4239.000000000191 0.7951553659479847
4240.000000000191 0.7915475381330633
4241.000000000191 0.787939710318142
4242.000000000191 0.7843318825032206
4243.000000000192 0.7807240546882993
4244.000000000192 0.7771162268733874
4245.000000000192 0.7735578213573017
4246.000000000193 0.7699994158412063
4247.000000000193 0.766391588026285
4248.000000000193 0.7627837602113637
4249.000000000193 0.7591759323964423
4250.000000000193 0.7555681045815209
4251.000000000194 0.7519602767665996
4252.000000000194 0.7483524489516782
4253.000000000194 0.744744621136757
4254.000000000195 0.7411367933218451
4255.000000000195 0.7375783878057595
4256.000000000195 0.734019982289664
4257.000000000195 0.7304121544747426
4258.000000000195 0.7268043266598212
4259.0000000001955 0.7231964988448999
4260.0000000001955 0.7195886710299785
4261.0000000001955 0.7159808432150572
4262.000000000196 0.7123730154001359
4263.000000000196 0.7087651875852146
4264.000000000196 0.7051573597703029
4265.000000000196 0.7015989542542171
4266.000000000196 0.6980405487381216
4267.000000000197 0.6944327209232003
4268.000000000197 0.6908248931082788
4269.000000000197 0.6872170652933575
4270.000000000198 0.6836092374784362
4271.000000000198 0.6800014096635149
4272.000000000198 0.6763935818485934
4273.000000000198 0.6727857540336721
4274.000000000198 0.6691779262187606
4275.000000000199 0.6656195207026748
4276.000000000199 0.6620611151865791
4277.000000000199 0.6584532873716578
4278.0000000002 0.6548454595567365
4279.0000000002 0.6512376317418151
4280.0000000002 0.6476298039268937
4281.0000000002 0.6440219761119724
4282.0000000002 0.640414148297051
4283.000000000201 0.6368063204821297
4284.000000000201 0.6331984926672183
4285.000000000201 0.6296400871511325
4286.000000000202 0.6260816816350366
4287.000000000202 0.6224738538201154
4288.000000000202 0.618866026005194
4289.000000000202 0.6152581981902727
4290.000000000202 0.6116503703753513
4291.000000000203 0.60804254256043
4292.000000000203 0.6044347147455087
4293.000000000203 0.6008268869305873
4294.000000000204 0.597219059115676
4295.000000000204 0.5936606535995902
4296.000000000204 0.5901022480834943
4297.000000000204 0.586494420268573
4298.000000000204 0.5828865924536516
4299.000000000205 0.5792787646387303
4300.000000000205 0.5756709368238089
4301.000000000205 0.5720631090088876
4302.000000000206 0.5684552811939663
4303.000000000206 0.5648474533790449
4304.000000000206 0.5612396255641338
4305.000000000206 0.5576812200480479
4306.000000000206 0.5541228145319519
4307.0000000002065 0.5505149867170306
4308.0000000002065 0.5469071589021092
4309.0000000002065 0.5432993310871879
4310.000000000207 0.5396915032722667
4311.000000000207 0.5360836754573451
4312.000000000207 0.5324758476424238
4313.000000000207 0.5288680198275024
4314.000000000207 0.5252601920125914
4315.000000000208 0.5217017864965056
4316.000000000208 0.5181433809804095
4317.000000000208 0.5145355531654882
4318.000000000209 0.5109277253505669
4319.000000000209 0.5073198975356455
4320.000000000209 0.5037120697207242
4321.000000000209 0.5001042419058027
4322.000000000209 0.49649641409088136
4323.00000000021 0.4928885862759601
4324.00000000021 0.48928075846104907
4325.00000000021 0.4857223529449633
4326.000000000211 0.48216394742886715
4327.000000000211 0.4785561196139458
4328.000000000211 0.4749482917990244
4329.000000000211 0.47134046398410306
4330.000000000211 0.4677326361691817
4331.000000000212 0.46412480835426034
4332.000000000212 0.46051698053933904
4333.000000000212 0.4569091527244177
4334.000000000213 0.45330132490950686
4335.000000000213 0.44974291939342104
4336.000000000213 0.4461845138773247
4337.000000000213 0.44257668606240336
4338.000000000213 0.438968858247482
4339.000000000214 0.43536103043256064
4340.000000000214 0.43175320261763933
4341.000000000214 0.42814537480271797
4342.000000000215 0.4245375469877966
4343.000000000215 0.4209297191728753
4344.000000000215 0.41732189135796455
4345.000000000215 0.4137634858418787
4346.000000000215 0.4102050803257823
4347.000000000216 0.40659725251086093
4348.000000000216 0.40298942469593957
4349.000000000216 0.39938159688101826
4350.0000000002165 0.3957737690660969
4351.0000000002165 0.39216594125117554
4352.0000000002165 0.38855811343625424
4353.0000000002165 0.3849502856213329
4354.0000000002165 0.38134245780642223
4355.000000000217 0.3777840522903364
4356.000000000217 0.37422564677423986
4357.000000000217 0.37061781895931856
4358.000000000218 0.36700999114439725
4359.000000000218 0.3634021633294759
4360.000000000218 0.35979433551455453
4361.000000000218 0.35618650769963317
4362.000000000218 0.3525786798847118
4363.000000000219 0.34897085206979045
4364.000000000219 0.3453630242548799
4365.000000000219 0.34180461873879414
4366.00000000022 0.3382462132226975
4367.00000000022 0.3346383854077762
4368.00000000022 0.33103055759285477
4369.00000000022 0.32742272977793346
4370.00000000022 0.3238149019630121
4371.000000000221 0.32020707414809074
4372.000000000221 0.3165992463331694
4373.000000000221 0.312991418518248
4374.000000000222 0.30938359070333765
4375.000000000222 0.3058251851872519
4376.000000000222 0.3022667796711551
4377.000000000222 0.29865895185623376
4378.000000000222 0.2950511240413124
4379.000000000223 0.29144329622639104
4380.000000000223 0.28783546841146973
4381.000000000223 0.2842276405965483
4382.000000000224 0.28061981278162695
4383.000000000224 0.27701198496670565
4384.000000000224 0.2734041571517954
4385.000000000224 0.26984575163570956
4386.000000000224 0.2662873461196127
4387.000000000225 0.26267951830469133
4388.000000000225 0.25907169048976997
4389.000000000225 0.25546386267484866
4390.000000000226 0.2518560348599273
4391.000000000226 0.24824820704500597
4392.000000000226 0.24464037923008458
4393.000000000226 0.24103255141516325
4394.000000000226 0.23742472360025305
4395.0000000002265 0.23386631808416727
4396.0000000002265 0.23030791256807032
4397.0000000002265 0.22670008475314896
4398.000000000227 0.2230922569382276
4399.000000000227 0.21948442912330623
4400.000000000227 0.2158766013083849
4401.000000000227 0.21226877349346354
4402.000000000227 0.20866094567854218
4403.000000000228 0.20505311786362085
4404.000000000228 0.20144529004871078
4405.000000000228 0.19788688453262498
4406.000000000229 0.1943284790165279
4407.000000000229 0.19072065120160653
4408.000000000229 0.18711282338668517
4409.000000000229 0.18350499557176383
4410.000000000229 0.17989716775684247
4411.00000000023 0.1762893399419211
4412.00000000023 0.17268151212699975
4413.00000000023 0.16907368431207845
4414.000000000231 0.16546585649716847
4415.000000000231 0.16190745098108267
4416.000000000231 0.1583490454649855
4417.000000000231 0.15474121765006413
4418.000000000231 0.1511333898351428
4419.000000000232 0.14752556202022143
4420.000000000232 0.14391773420530007
4421.000000000232 0.1403099063903787
4422.000000000233 0.13670207857545738
4423.000000000233 0.13309425076053605
4424.000000000233 0.1294864229456262
4425.000000000233 0.12592801742954038
4426.000000000233 0.12236961191344306
4427.000000000234 0.11876178409852173
4428.000000000234 0.11515395628360038
4429.000000000234 0.11154612846867902
4430.000000000235 0.10793830065375767
4431.000000000235 0.10433047283883633
4432.000000000235 0.10072264502391498
4433.000000000235 0.09711481720899362
4434.000000000235 0.09350698939429325
4435.000000000236 0.09083818525722889
4436.000000000236 0.08816938112036228
4437.000000000236 0.08634075606348432
4438.0000000002365 0.08451213100661804
4439.0000000002365 0.08273292824857464
4440.0000000002365 0.08095372549053123
4441.0000000002365 0.07917452273248782
4442.0000000002365 0.07739531997443269
4443.000000000237 0.07556669491755476
4444.000000000237 0.07373806986068857
4445.000000000237 0.07195886710264565
4446.000000000238 0.07017966434459101
4447.000000000238 0.06835103928771306
4448.000000000238 0.0665224142308469
4449.000000000238 0.06474321147280349
4450.000000000238 0.06296400871476009
4451.000000000239 0.06118480595671668
4452.000000000239 0.05940560319866145
4453.000000000239 0.057576978141783496
4454.00000000024 0.055748353084917414
4455.00000000024 0.05396915032687451
4456.00000000024 0.052189947568819756
4457.00000000024 0.05036132251194181
4458.00000000024 0.04853269745507575
4459.000000000241 0.04675349469703234
4460.000000000241 0.044974291938988935
4461.000000000241 0.04319508918094553
4462.000000000242 0.04141588642289018
4463.000000000242 0.03958726136601224
4464.000000000242 0.03775863630914626
4465.000000000242 0.03597943355110336
4466.000000000242 0.03420023079304849
4467.000000000243 0.03237160573617055
4468.000000000243 0.030542980679304603
4469.000000000243 0.028763777921261197
4470.000000000244 0.02698457516321779
4471.000000000244 0.025205372405174384
4472.000000000244 0.023426169647118925
4473.000000000244 0.02159754459024098
4474.000000000244 0.019768919533375118
4475.000000000245 0.017989716775332218
4476.000000000245 0.016210514017277237
4477.000000000245 0.014381888960399292
4478.000000000246 0.012553263903533455
4479.000000000246 0.010774061145490049
4480.000000000246 0.008994858387446644
4481.000000000246 0.007215655629403238
4482.000000000246 0.005436452871347667
4483.0000000002465 0.0036078278144697222
4484.0000000002465 0.001779202757823435
4485.0000000002465 0.0008896013788019849
4486.000000000247 0.0
4487.000000000247 0.0
4488.000000000247 0.0
4489.000000000247 0.0
4490.000000000247 0.0
4491.000000000248 0.0
4492.000000000248 0.0
4493.000000000248 0.0
4494.000000000249 0.0
4495.000000000249 0.0
4496.000000000249 0.0
4497.000000000249 0.0
4498.000000000249 0.0
4499.00000000025 0.0
4500.00000000025 0.0
4501.00000000025 0.0
4502.000000000251 0.0
4503.000000000251 0.0
4504.000000000251 0.0
4505.000000000251 0.0
4506.000000000251 0.0
4507.000000000252 0.0
4508.000000000252 0.0
4509.000000000252 0.0
4510.000000000253 0.0
4511.000000000253 0.0
4512.000000000253 0.0
4513.000000000253 0.0
4514.000000000253 0.0
4515.000000000254 0.0
4516.000000000254 0.0
4517.000000000254 0.0
4518.000000000255 0.0
4519.000000000255 0.0
4520.000000000255 0.0
4521.000000000255 0.0
4522.000000000255 0.0
4523.000000000256 0.0
4524.000000000256 0.0
4525.000000000256 0.0
4526.0000000002565 0.0
4527.0000000002565 0.0
4528.0000000002565 0.0
4529.0000000002565 0.0
4530.0000000002565 0.0
4531.000000000257 0.0
4532.000000000257 0.0
4533.000000000257 0.0
4534.000000000258 0.0
4535.000000000258 0.0
4536.000000000258 0.0
4537.000000000258 0.0
4538.000000000258 0.0
4539.000000000259 0.0
4540.000000000259 0.0
4541.000000000259 0.0
4542.00000000026 0.0
4543.00000000026 0.0
4544.00000000026 0.0
4545.00000000026 0.0
4546.00000000026 0.0
4547.000000000261 0.0
4548.000000000261 0.0
4549.000000000261 0.0
