# Subaru SuprimeCam IA827 - 0336
    7950.0   8.6797E-4              
    7951.0   8.6783E-4              
    7952.0   8.677E-4               
    7953.0   0.0010811              
    7954.0   0.0010812              
    7955.0   0.0010807              
    7956.0   8.671600000000001E-4   
    7957.0   0.0010808              
    7958.0   0.0010806000000000001  
    7959.0   0.0010802000000000001  
    7960.0   0.0010793              
    7961.0   0.00108                
    7962.0   8.6696E-4              
    7963.0   8.6696E-4              
    7964.0   8.6689E-4              
    7965.0   6.5377E-4              
    7966.0   8.666899999999999E-4   
    7967.0   0.0010798000000000001  
    7968.0   0.0013070999999999998  
    7969.0   0.0013061000000000001  
    7970.0   0.0013059999999999999  
    7971.0   0.0015199999999999999  
    7972.0   0.0019462              
    7973.0   0.0021728              
    7974.0   0.002386               
    7975.0   0.0026011000000000003  
    7976.0   0.0030436              
    7977.0   0.0030443              
    7978.0   0.0032554              
    7979.0   0.0034708              
    7980.0   0.0036845              
    7981.0   0.0041261              
    7982.0   0.004128               
    7983.0   0.0041296              
    7984.0   0.0045593              
    7985.0   0.0045614              
    7986.0   0.0052188              
    7987.0   0.00522                
    7988.0   0.0054369              
    7989.0   0.0054415999999999996  
    7990.0   0.0056714              
    7991.0   0.0058885              
    7992.0   0.0061056999999999995  
    7993.0   0.006764               
    7994.0   0.0069791              
    7995.0   0.007209               
    7996.0   0.0076393              
    7997.0   0.008089800000000001   
    7998.0   0.0085206              
    7999.0   0.0091801              
    8000.0   0.0098373              
    8001.0   0.010487999999999999   
    8002.0   0.010938000000000002   
    8003.0   0.011813               
    8004.0   0.012908               
    8005.0   0.013777999999999999   
    8006.0   0.01489                
    8007.0   0.015987               
    8008.0   0.017081               
    8009.0   0.018402               
    8010.0   0.019725               
    8011.0   0.021251000000000003   
    8012.0   0.022351               
    8013.0   0.024099               
    8014.0   0.025429               
    8015.0   0.027194               
    8016.0   0.028948               
    8017.0   0.030934               
    8018.0   0.032688               
    8019.0   0.034668000000000004   
    8020.0   0.036848               
    8021.0   0.039238               
    8022.0   0.041616               
    8023.0   0.044469               
    8024.0   0.04731900000000001    
    8025.0   0.049981               
    8026.0   0.052863               
    8027.0   0.056181999999999996   
    8028.0   0.059687000000000004   
    8029.0   0.063632               
    8030.0   0.067346               
    8031.0   0.071549               
    8032.0   0.075517               
    8033.0   0.079695               
    8034.0   0.08414300000000001    
    8035.0   0.089225               
    8036.0   0.094079               
    8037.0   0.099206               
    8038.0   0.10445                
    8039.0   0.11002                
    8040.0   0.11589                
    8041.0   0.12222                
    8042.0   0.12805999999999998    
    8043.0   0.13495                
    8044.0   0.14177                
    8045.0   0.14856999999999998    
    8046.0   0.15592                
    8047.0   0.16330999999999998    
    8048.0   0.17120999999999997    
    8049.0   0.17888                
    8050.0   0.18741                
    8051.0   0.19547                
    8052.0   0.20409                
    8053.0   0.21302                
    8054.0   0.22239                
    8055.0   0.23098                
    8056.0   0.23966                
    8057.0   0.24921                
    8058.0   0.25954                
    8059.0   0.26869                
    8060.0   0.27871                
    8061.0   0.28903                
    8062.0   0.2991                 
    8063.0   0.30937000000000003    
    8064.0   0.32033                
    8065.0   0.33130000000000004    
    8066.0   0.34197000000000005    
    8067.0   0.35302999999999995    
    8068.0   0.36421                
    8069.0   0.37520000000000003    
    8070.0   0.38655                
    8071.0   0.39858                
    8072.0   0.4104                 
    8073.0   0.42039000000000004    
    8074.0   0.43188000000000004    
    8075.0   0.44384999999999997    
    8076.0   0.45545                
    8077.0   0.46671999999999997    
    8078.0   0.47869                
    8079.0   0.49033                
    8080.0   0.50151                
    8081.0   0.51359                
    8082.0   0.52501                
    8083.0   0.5362100000000001     
    8084.0   0.54714                
    8085.0   0.55855                
    8086.0   0.5686599999999999     
    8087.0   0.57931                
    8088.0   0.5908                 
    8089.0   0.60331                
    8090.0   0.61444                
    8091.0   0.6245499999999999     
    8092.0   0.63463                
    8093.0   0.64445                
    8094.0   0.65431                
    8095.0   0.66351                
    8096.0   0.67379                
    8097.0   0.682                  
    8098.0   0.6912600000000001     
    8099.0   0.70048                
    8100.0   0.7087399999999999     
    8101.0   0.7165300000000001     
    8102.0   0.7259699999999999     
    8103.0   0.7343500000000001     
    8104.0   0.74131                
    8105.0   0.7487699999999999     
    8106.0   0.75508                
    8107.0   0.7624                 
    8108.0   0.76905                
    8109.0   0.77497                
    8110.0   0.78106                
    8111.0   0.78669                
    8112.0   0.79173                
    8113.0   0.79741                
    8114.0   0.80328                
    8115.0   0.80786                
    8116.0   0.81322                
    8117.0   0.8187000000000001     
    8118.0   0.82282                
    8119.0   0.82628                
    8120.0   0.8301999999999999     
    8121.0   0.8323699999999999     
    8122.0   0.8373900000000001     
    8123.0   0.84059                
    8124.0   0.84319                
    8125.0   0.8470300000000001     
    8126.0   0.85071                
    8127.0   0.85355                
    8128.0   0.85678                
    8129.0   0.85934                
    8130.0   0.86102                
    8131.0   0.8637600000000001     
    8132.0   0.8656999999999999     
    8133.0   0.86721                
    8134.0   0.86965                
    8135.0   0.87198                
    8136.0   0.87346                
    8137.0   0.87677                
    8138.0   0.8769                 
    8139.0   0.87736                
    8140.0   0.87882                
    8141.0   0.8798999999999999     
    8142.0   0.88                   
    8143.0   0.8820999999999999     
    8144.0   0.8825400000000001     
    8145.0   0.88336                
    8146.0   0.88508                
    8147.0   0.88589                
    8148.0   0.8869799999999999     
    8149.0   0.88804                
    8150.0   0.88819                
    8151.0   0.8893899999999999     
    8152.0   0.89083                
    8153.0   0.8908499999999999     
    8154.0   0.8928400000000001     
    8155.0   0.89414                
    8156.0   0.8961                 
    8157.0   0.89617                
    8158.0   0.89825                
    8159.0   0.90012                
    8160.0   0.9016500000000001     
    8161.0   0.90244                
    8162.0   0.90236                
    8163.0   0.90309                
    8164.0   0.90388                
    8165.0   0.90562                
    8166.0   0.9066299999999999     
    8167.0   0.9081600000000001     
    8168.0   0.9095300000000001     
    8169.0   0.91011                
    8170.0   0.91047                
    8171.0   0.91155                
    8172.0   0.91205                
    8173.0   0.91357                
    8174.0   0.91393                
    8175.0   0.91364                
    8176.0   0.91306                
    8177.0   0.9158                 
    8178.0   0.91768                
    8179.0   0.91724                
    8180.0   0.91652                
    8181.0   0.91652                
    8182.0   0.9163                 
    8183.0   0.9158700000000001     
    8184.0   0.91594                
    8185.0   0.91594                
    8186.0   0.91688                
    8187.0   0.91681                
    8188.0   0.91753                
    8189.0   0.91782                
    8190.0   0.91673                
    8191.0   0.9162300000000001     
    8192.0   0.9162300000000001     
    8193.0   0.91486                
    8194.0   0.91472                
    8195.0   0.9158                 
    8196.0   0.91731                
    8197.0   0.9155800000000001     
    8198.0   0.9152899999999999     
    8199.0   0.91429                
    8200.0   0.9141400000000001     
    8201.0   0.91472                
    8202.0   0.91364                
    8203.0   0.9129200000000001     
    8204.0   0.91148                
    8205.0   0.9112699999999999     
    8206.0   0.9117000000000001     
    8207.0   0.91148                
    8208.0   0.9116200000000001     
    8209.0   0.91062                
    8210.0   0.91011                
    8211.0   0.9082399999999999     
    8212.0   0.9068                 
    8213.0   0.9073                 
    8214.0   0.90679                
    8215.0   0.9059900000000001     
    8216.0   0.90521                
    8217.0   0.90398                
    8218.0   0.90313                
    8219.0   0.90326                
    8220.0   0.90376                
    8221.0   0.90348                
    8222.0   0.9035500000000001     
    8223.0   0.90441                
    8224.0   0.90412                
    8225.0   0.90378                
    8226.0   0.9029900000000001     
    8227.0   0.90443                
    8228.0   0.90464                
    8229.0   0.90436                
    8230.0   0.90479                
    8231.0   0.90444                
    8232.0   0.90509                
    8233.0   0.9043899999999999     
    8234.0   0.90518                
    8235.0   0.90554                
    8236.0   0.90512                
    8237.0   0.90491                
    8238.0   0.90449                
    8239.0   0.90372                
    8240.0   0.90302                
    8241.0   0.9031600000000001     
    8242.0   0.9029600000000001     
    8243.0   0.9017499999999999     
    8244.0   0.90176                
    8245.0   0.90156                
    8246.0   0.9013500000000001     
    8247.0   0.90227                
    8248.0   0.9024800000000001     
    8249.0   0.90333                
    8250.0   0.90305                
    8251.0   0.90255                
    8252.0   0.9031199999999999     
    8253.0   0.90376                
    8254.0   0.90404                
    8255.0   0.9041800000000001     
    8256.0   0.90333                
    8257.0   0.90417                
    8258.0   0.90431                
    8259.0   0.90397                
    8260.0   0.90432                
    8261.0   0.90468                
    8262.0   0.90574                
    8263.0   0.90575                
    8264.0   0.90461                
    8265.0   0.90574                
    8266.0   0.9074500000000001     
    8267.0   0.90759                
    8268.0   0.90766                
    8269.0   0.90688                
    8270.0   0.90617                
    8271.0   0.9067400000000001     
    8272.0   0.9093000000000001     
    8273.0   0.9095099999999999     
    8274.0   0.90902                
    8275.0   0.90959                
    8276.0   0.90924                
    8277.0   0.9103100000000001     
    8278.0   0.91045                
    8279.0   0.91038                
    8280.0   0.91293                
    8281.0   0.91279                
    8282.0   0.91357                
    8283.0   0.91499                
    8284.0   0.91435                
    8285.0   0.91527                
    8286.0   0.91527                
    8287.0   0.9149200000000001     
    8288.0   0.91322                
    8289.0   0.91217                
    8290.0   0.9130800000000001     
    8291.0   0.91386                
    8292.0   0.91633                
    8293.0   0.9164                 
    8294.0   0.91682                
    8295.0   0.91738                
    8296.0   0.91618                
    8297.0   0.91604                
    8298.0   0.91449                
    8299.0   0.91393                
    8300.0   0.9147                 
    8301.0   0.91386                
    8302.0   0.9154000000000001     
    8303.0   0.91554                
    8304.0   0.91688                
    8305.0   0.91892                
    8306.0   0.91982                
    8307.0   0.91982                
    8308.0   0.91961                
    8309.0   0.91793                
    8310.0   0.9163800000000001     
    8311.0   0.91617                
    8312.0   0.91659                
    8313.0   0.91631                
    8314.0   0.91617                
    8315.0   0.91694                
    8316.0   0.9163800000000001     
    8317.0   0.91673                
    8318.0   0.9157500000000001     
    8319.0   0.91617                
    8320.0   0.91547                
    8321.0   0.9140699999999999     
    8322.0   0.91302                
    8323.0   0.9119799999999999     
    8324.0   0.9103100000000001     
    8325.0   0.9107999999999999     
    8326.0   0.91205                
    8327.0   0.9117700000000001     
    8328.0   0.91226                
    8329.0   0.91066                
    8330.0   0.91128                
    8331.0   0.90955                
    8332.0   0.9096899999999999     
    8333.0   0.9092                 
    8334.0   0.9090600000000001     
    8335.0   0.90767                
    8336.0   0.90774                
    8337.0   0.9065000000000001     
    8338.0   0.9063599999999999     
    8339.0   0.90594                
    8340.0   0.90594                
    8341.0   0.9046299999999999     
    8342.0   0.9027                 
    8343.0   0.90242                
    8344.0   0.9005500000000001     
    8345.0   0.90199                
    8346.0   0.8999299999999999     
    8347.0   0.89999                
    8348.0   0.8986799999999999     
    8349.0   0.89777                
    8350.0   0.89508                
    8351.0   0.8945399999999999     
    8352.0   0.89205                
    8353.0   0.89047                
    8354.0   0.88682                
    8355.0   0.88546                
    8356.0   0.88151                
    8357.0   0.87979                
    8358.0   0.87819                
    8359.0   0.8746200000000001     
    8360.0   0.87232                
    8361.0   0.8676200000000001     
    8362.0   0.86657                
    8363.0   0.86251                
    8364.0   0.8588                 
    8365.0   0.85491                
    8366.0   0.8523999999999999     
    8367.0   0.84898                
    8368.0   0.84616                
    8369.0   0.84178                
    8370.0   0.8396399999999999     
    8371.0   0.83568                
    8372.0   0.83249                
    8373.0   0.8269299999999999     
    8374.0   0.82203                
    8375.0   0.81644                
    8376.0   0.81157                
    8377.0   0.80658                
    8378.0   0.79803                
    8379.0   0.79253                
    8380.0   0.7863899999999999     
    8381.0   0.77998                
    8382.0   0.77345                
    8383.0   0.76658                
    8384.0   0.76038                
    8385.0   0.75327                
    8386.0   0.7466700000000001     
    8387.0   0.73878                
    8388.0   0.7303499999999999     
    8389.0   0.7234900000000001     
    8390.0   0.7156                 
    8391.0   0.70864                
    8392.0   0.7001999999999999     
    8393.0   0.6916100000000001     
    8394.0   0.6846099999999999     
    8395.0   0.67733                
    8396.0   0.66754                
    8397.0   0.6591                 
    8398.0   0.64956                
    8399.0   0.63949                
    8400.0   0.63111                
    8401.0   0.62375                
    8402.0   0.61493                
    8403.0   0.6047                 
    8404.0   0.59587                
    8405.0   0.5867                 
    8406.0   0.57703                
    8407.0   0.56698                
    8408.0   0.55675                
    8409.0   0.54689                
    8410.0   0.53652                
    8411.0   0.52406                
    8412.0   0.5141                 
    8413.0   0.50429                
    8414.0   0.49459000000000003    
    8415.0   0.48501                
    8416.0   0.47277                
    8417.0   0.46116999999999997    
    8418.0   0.44817999999999997    
    8419.0   0.43856                
    8420.0   0.42779000000000006    
    8421.0   0.41641                
    8422.0   0.40720999999999996    
    8423.0   0.39768000000000003    
    8424.0   0.38639                
    8425.0   0.37627000000000005    
    8426.0   0.36658999999999997    
    8427.0   0.35811                
    8428.0   0.34908                
    8429.0   0.33911                
    8430.0   0.32850999999999997    
    8431.0   0.31972                
    8432.0   0.31081                
    8433.0   0.30217                
    8434.0   0.29381                
    8435.0   0.28421                
    8436.0   0.27521999999999996    
    8437.0   0.26550999999999997    
    8438.0   0.25517                
    8439.0   0.24515                
    8440.0   0.23662                
    8441.0   0.22847                
    8442.0   0.21889                
    8443.0   0.20919000000000001    
    8444.0   0.20126000000000002    
    8445.0   0.19236                
    8446.0   0.18561                
    8447.0   0.17779                
    8448.0   0.17054                
    8449.0   0.16283                
    8450.0   0.15560000000000002    
    8451.0   0.14953                
    8452.0   0.14293                
    8453.0   0.13828                
    8454.0   0.1335                 
    8455.0   0.1278                 
    8456.0   0.12239000000000001    
    8457.0   0.11735                
    8458.0   0.11332                
    8459.0   0.10853                
    8460.0   0.10444                
    8461.0   0.099316               
    8462.0   0.093987               
    8463.0   0.089739               
    8464.0   0.085717               
    8465.0   0.082204               
    8466.0   0.077848               
    8467.0   0.073068               
    8468.0   0.069524               
    8469.0   0.06557                
    8470.0   0.060941999999999996   
    8471.0   0.058112000000000004   
    8472.0   0.055629               
    8473.0   0.052478               
    8474.0   0.047602000000000005   
    8475.0   0.045723               
    8476.0   0.041586               
    8477.0   0.041197               
    8478.0   0.038896               
    8479.0   0.036617000000000004   
    8480.0   0.034388999999999996   
    8481.0   0.031791               
    8482.0   0.029982               
    8483.0   0.029011999999999996   
    8484.0   0.028752               
    8485.0   0.027947000000000003   
    8486.0   0.025346999999999998   
    8487.0   0.023548               
    8488.0   0.022179               
    8489.0   0.019567               
    8490.0   0.02051                
    8491.0   0.020543               
    8492.0   0.020929000000000003   
    8493.0   0.017763               
    8494.0   0.017374               
    8495.0   0.016616               
    8496.0   0.01757                
    8497.0   0.016801               
    8498.0   0.017742               
    8499.0   0.01828                
    8500.0   0.014766999999999999   
    8501.0   0.014159               
    8502.0   0.017461               
    8503.0   0.017038               
    8504.0   0.016428               
    8505.0   0.016048               
    8506.0   0.014509000000000001   
    8507.0   0.015037               
    8508.0   0.012506               
    8509.0   0.015776               
    8510.0   0.014439               
    8511.0   0.012868               
    8512.0   0.0079066              
    8513.0   0.006713599999999999   
    8514.0   0.0038369              
    8515.0   0.0028838              
    8516.0   0.0071028              
    8517.0   0.0055626              
    8518.0   0.0024758              
    8519.0   0.0028627              
    8520.0   0.0013341              
    8521.0   0.0011455              
