# Subaru SuprimeCam IA574 - 0327
   5412.5   5.5754E-4              
   5414.0   2.7877E-4              
   5415.0   8.37224E-4             
   5416.0   5.5754E-4              
   5417.0   8.37224E-4             
   5418.0   0.0018407999999999999  
   5419.0   0.00128326             
   5420.0   0.00128326             
   5421.0   0.00156203             
   5422.0   0.00156203             
   5423.0   0.00128326             
   5424.0   0.00128326             
   5425.0   0.00156203             
   5426.0   8.37224E-4             
   5427.0   0.00111599             
   5428.0   0.00111599             
   5429.0   8.37224E-4             
   5430.0   8.37224E-4             
   5431.0   0.00111599             
   5432.0   0.00111599             
   5433.0   5.5754E-4              
   5434.5   2.7877E-4              
   5468.0   3.34524E-4             
   5469.0   0.00100449             
   5470.0   3.34524E-4             
   5471.0   6.13294E-4             
   5472.0   3.9027800000000003E-4  
   5473.0   3.9027800000000003E-4  
   5475.5   2.7877E-4              
   5476.5   5.5754E-4              
   5477.5   8.37224E-4             
   5478.5   0.0013947599999999999  
   5479.5   0.0013947599999999999  
   5480.5   0.00111599             
   5481.5   0.0016735300000000001  
   5482.5   0.0013947599999999999  
   5483.5   0.0013947599999999999  
   5484.5   8.37224E-4             
   5485.5   5.5754E-4              
   5494.5   2.7877E-4              
   5495.5   5.5754E-4              
   5496.5   0.0016735300000000001  
   5497.5   0.00278953             
   5498.5   0.0033470699999999997  
   5499.5   0.00278953             
   5500.5   0.0030683              
   5501.5   0.00362584             
   5502.5   0.0033470699999999997  
   5503.5   0.0025107600000000003  
   5504.5   0.00228683             
   5505.5   0.00206381             
   5506.5   0.0018407999999999999  
   5507.5   0.0010602399999999998  
   5508.5   8.37224E-4             
   5509.5   2.7877E-4              
   5510.5   6.13294E-4             
   5511.5   8.92978E-4             
   5512.5   2.23016E-4             
   5513.5   3.34524E-4             
   5516.0   0.00111599             
   5517.0   0.0014505199999999998  
   5518.0   0.00223107             
   5519.0   0.00256651             
   5520.0   0.0029010399999999997  
   5521.0   0.00211957             
   5522.0   0.002455               
   5523.0   0.00278953             
   5524.0   0.00211957             
   5525.0   0.00256651             
   5526.0   0.00172929             
   5527.0   0.0020080600000000003  
   5528.0   0.0019523              
   5529.0   0.00223107             
   5530.0   0.0025107600000000003  
   5531.0   0.00273377             
   5532.0   0.00451882             
   5533.0   0.00368159             
   5534.0   0.00412854             
   5535.0   0.00485334             
   5536.0   0.00485334             
   5537.0   0.00513211             
   5538.0   0.00513211             
   5539.0   0.00557906             
   5540.0   0.00513211             
   5541.0   0.00630386             
   5542.0   0.00702866             
   5543.0   0.007475610000000001   
   5544.0   0.00820041             
   5545.0   0.00870219             
   5546.0   0.009990019999999999   
   5547.0   0.0112148              
   5548.0   0.0116626              
   5549.0   0.0124395              
   5550.0   0.0125492              
   5551.0   0.013335300000000001   
   5552.0   0.0129971              
   5553.0   0.0133901              
   5554.0   0.0154009              
   5555.0   0.0158396              
   5556.0   0.0175214              
   5557.0   0.0179601              
   5558.0   0.0190752              
   5559.0   0.0204188              
   5560.0   0.0228683              
   5561.0   0.024550000000000002   
   5562.0   0.024102199999999997   
   5563.0   0.024988800000000002   
   5564.0   0.025884499999999998   
   5565.0   0.027228099999999998   
   5566.0   0.028452799999999997   
   5567.0   0.029229699999999997   
   5568.0   0.0312405              
   5569.0   0.0324653              
   5570.0   0.0344761              
   5571.0   0.036039               
   5572.0   0.0384337              
   5573.0   0.0407827              
   5574.0   0.043899400000000005   
   5575.0   0.046248399999999995   
   5576.0   0.0478113              
   5577.0   0.050599               
   5578.0   0.052938900000000004   
   5579.0   0.056512599999999996   
   5580.0   0.058459399999999995   
   5581.0   0.0612563              
   5582.0   0.0638155              
   5583.0   0.0674989              
   5584.0   0.07118229999999999    
   5585.0   0.0756426              
   5586.0   0.07932610000000001    
   5587.0   0.0834573              
   5588.0   0.08825580000000001    
   5589.0   0.0931366              
   5590.0   0.0988948              
   5591.0   0.103008               
   5592.0   0.10958899999999999    
   5593.0   0.115255               
   5594.0   0.121745               
   5595.0   0.12786899999999998    
   5596.0   0.135181               
   5597.0   0.141396               
   5598.0   0.147794               
   5599.0   0.15629400000000002    
   5600.0   0.16442900000000002    
   5601.0   0.173843               
   5602.0   0.182434               
   5603.0   0.19139199999999998    
   5604.0   0.199435               
   5605.0   0.21067699999999998    
   5606.0   0.221188               
   5607.0   0.23288699999999998    
   5608.0   0.242119               
   5609.0   0.250436               
   5610.0   0.262958               
   5611.0   0.27548                
   5612.0   0.287544               
   5613.0   0.299152               
   5614.0   0.310577               
   5615.0   0.321454               
   5616.0   0.33516399999999996    
   5617.0   0.348508               
   5618.0   0.36112099999999997    
   5619.0   0.373643               
   5620.0   0.387536               
   5621.0   0.40225099999999997    
   5622.0   0.419709               
   5623.0   0.434333               
   5624.0   0.449779               
   5625.0   0.465226               
   5626.0   0.479667               
   5627.0   0.49356                
   5628.0   0.510195               
   5629.0   0.525184               
   5630.0   0.5382549999999999     
   5631.0   0.553701               
   5632.0   0.567685               
   5633.0   0.584869               
   5634.0   0.600041               
   5635.0   0.614756               
   5636.0   0.628192               
   5637.0   0.639891               
   5638.0   0.651682               
   5639.0   0.665118               
   5640.0   0.6750799999999999     
   5641.0   0.684586               
   5642.0   0.695645               
   5643.0   0.706248               
   5644.0   0.7162099999999999     
   5645.0   0.7281839999999999     
   5646.0   0.740706               
   5647.0   0.749023               
   5648.0   0.761179               
   5649.0   0.7694970000000001     
   5650.0   0.778362               
   5651.0   0.787228               
   5652.0   0.7956369999999999     
   5653.0   0.8018519999999999     
   5654.0   0.806879               
   5655.0   0.812546               
   5656.0   0.818578               
   5657.0   0.824702               
   5658.0   0.831192               
   5659.0   0.8355790000000001     
   5660.0   0.840789               
   5661.0   0.844262               
   5662.0   0.846912               
   5663.0   0.849472               
   5664.0   0.849837               
   5665.0   0.852214               
   5666.0   0.851939               
   5667.0   0.850843               
   5668.0   0.847369               
   5669.0   0.84938                
   5670.0   0.851117               
   5671.0   0.852762               
   5672.0   0.853676               
   5673.0   0.852945               
   5674.0   0.853493               
   5675.0   0.857332               
   5676.0   0.860257               
   5677.0   0.8591599999999999     
   5678.0   0.8575149999999999     
   5679.0   0.8576980000000001     
   5680.0   0.85788                
   5681.0   0.8585200000000001     
   5682.0   0.856692               
   5683.0   0.8576980000000001     
   5684.0   0.8559610000000001     
   5685.0   0.8555039999999999     
   5686.0   0.8543160000000001     
   5687.0   0.8537669999999999     
   5688.0   0.852488               
   5689.0   0.8512080000000001     
   5690.0   0.8512080000000001     
   5691.0   0.849472               
   5692.0   0.850386               
   5693.0   0.8509340000000001     
   5694.0   0.8517570000000001     
   5695.0   0.853036               
   5696.0   0.853219               
   5697.0   0.854773               
   5698.0   0.855321               
   5699.0   0.852214               
   5700.0   0.850751               
   5701.0   0.849837               
   5702.0   0.850203               
   5703.0   0.8491970000000001     
   5704.0   0.847735               
   5705.0   0.847187               
   5706.0   0.84673                
   5707.0   0.849106               
   5708.0   0.849289               
   5709.0   0.85066                
   5710.0   0.8521219999999999     
   5711.0   0.8521219999999999     
   5712.0   0.8559610000000001     
   5713.0   0.856509               
   5714.0   0.8597079999999999     
   5715.0   0.85788                
   5716.0   0.859983               
   5717.0   0.861811               
   5718.0   0.862085               
   5719.0   0.863821               
   5720.0   0.8642780000000001     
   5721.0   0.865467               
   5722.0   0.8673860000000001     
   5723.0   0.869854               
   5724.0   0.872596               
   5725.0   0.872047               
   5726.0   0.871956               
   5727.0   0.8736010000000001     
   5728.0   0.873236               
   5729.0   0.872139               
   5730.0   0.872413               
   5731.0   0.872596               
   5732.0   0.871225               
   5733.0   0.8702190000000001     
   5734.0   0.8708589999999999     
   5735.0   0.866838               
   5736.0   0.8671120000000001     
   5737.0   0.8679340000000001     
   5738.0   0.864004               
   5739.0   0.8653749999999999     
   5740.0   0.8676600000000001     
   5741.0   0.868574               
   5742.0   0.86702                
   5743.0   0.867843               
   5744.0   0.8645529999999999     
   5745.0   0.8645529999999999     
   5746.0   0.866563               
   5747.0   0.863273               
   5748.0   0.8582460000000001     
   5749.0   0.857332               
   5750.0   0.8576980000000001     
   5751.0   0.857332               
   5752.0   0.8582460000000001     
   5753.0   0.85395                
   5754.0   0.8512080000000001     
   5755.0   0.8540420000000001     
   5756.0   0.853676               
   5757.0   0.8521219999999999     
   5758.0   0.8523050000000001     
   5759.0   0.850386               
   5760.0   0.850294               
   5761.0   0.8523959999999999     
   5762.0   0.8523050000000001     
   5763.0   0.849106               
   5764.0   0.850386               
   5765.0   0.8509340000000001     
   5766.0   0.848832               
   5767.0   0.848832               
   5768.0   0.8481010000000001     
   5769.0   0.8491970000000001     
   5770.0   0.8483750000000001     
   5771.0   0.849289               
   5772.0   0.847187               
   5773.0   0.8452670000000001     
   5774.0   0.843531               
   5775.0   0.8421599999999999     
   5776.0   0.84152                
   5777.0   0.841154               
   5778.0   0.843348               
   5779.0   0.842068               
   5780.0   0.841885               
   5781.0   0.843805               
   5782.0   0.846273               
   5783.0   0.84938                
   5784.0   0.850751               
   5785.0   0.851665               
   5786.0   0.850111               
   5787.0   0.853493               
   5788.0   0.854224               
   5789.0   0.8552299999999999     
   5790.0   0.857058               
   5791.0   0.860805               
   5792.0   0.8650100000000001     
   5793.0   0.865467               
   5794.0   0.8683                 
   5795.0   0.867295               
   5796.0   0.868117               
   5797.0   0.8702190000000001     
   5798.0   0.870128               
   5799.0   0.868026               
   5800.0   0.8653749999999999     
   5801.0   0.866289               
   5802.0   0.866289               
   5803.0   0.866563               
   5804.0   0.868117               
   5805.0   0.8673860000000001     
   5806.0   0.869031               
   5807.0   0.8710420000000001     
   5808.0   0.873418               
   5809.0   0.874881               
   5810.0   0.875612               
   5811.0   0.87872                
   5812.0   0.880273               
   5813.0   0.8812789999999999     
   5814.0   0.883472               
   5815.0   0.883472               
   5816.0   0.883015               
   5817.0   0.885118               
   5818.0   0.887585               
   5819.0   0.888042               
   5820.0   0.8895959999999999     
   5821.0   0.8931610000000001     
   5822.0   0.895629               
   5823.0   0.8954460000000001     
   5824.0   0.899285               
   5825.0   0.898919               
   5826.0   0.899467               
   5827.0   0.901295               
   5828.0   0.90093                
   5829.0   0.9002899999999999     
   5830.0   0.901021               
   5831.0   0.904769               
   5832.0   0.906414               
   5833.0   0.907236               
   5834.0   0.9093389999999999     
   5835.0   0.91464                
   5836.0   0.9170159999999999     
   5837.0   0.9178390000000001     
   5838.0   0.920489               
   5839.0   0.9217690000000001     
   5840.0   0.920489               
   5841.0   0.921129               
   5842.0   0.920672               
   5843.0   0.917656               
   5844.0   0.9195749999999999     
   5845.0   0.919667               
   5846.0   0.915462               
   5847.0   0.912903               
   5848.0   0.912812               
   5849.0   0.912629               
   5850.0   0.910527               
   5851.0   0.908242               
   5852.0   0.905317               
   5853.0   0.903489               
   5854.0   0.900381               
   5855.0   0.8963599999999999     
   5856.0   0.8927039999999999     
   5857.0   0.8892310000000001     
   5858.0   0.8838379999999999     
   5859.0   0.8767090000000001     
   5860.0   0.871499               
   5861.0   0.866655               
   5862.0   0.86245                
   5863.0   0.8579720000000001     
   5864.0   0.8523959999999999     
   5865.0   0.8458159999999999     
   5866.0   0.838869               
   5867.0   0.835487               
   5868.0   0.82717                
   5869.0   0.819492               
   5870.0   0.810809               
   5871.0   0.802309               
   5872.0   0.792804               
   5873.0   0.784212               
   5874.0   0.774798               
   5875.0   0.76319                
   5876.0   0.7538670000000001     
   5877.0   0.742716               
   5878.0   0.733394               
   5879.0   0.724254               
   5880.0   0.714382               
   5881.0   0.7025920000000001     
   5882.0   0.692629               
   5883.0   0.679285               
   5884.0   0.6669459999999999     
   5885.0   0.654515               
   5886.0   0.640348               
   5887.0   0.6274609999999999     
   5888.0   0.6122890000000001     
   5889.0   0.5981219999999999     
   5890.0   0.584777               
   5891.0   0.573444               
   5892.0   0.559094               
   5893.0   0.54383                
   5894.0   0.5282009999999999     
   5895.0   0.511292               
   5896.0   0.496119               
   5897.0   0.48186100000000004    
   5898.0   0.466688               
   5899.0   0.45041899999999996    
   5900.0   0.438446               
   5901.0   0.423822               
   5902.0   0.411483               
   5903.0   0.398047               
   5904.0   0.385708               
   5905.0   0.371175               
   5906.0   0.359019               
   5907.0   0.34796                
   5908.0   0.332239               
   5909.0   0.321911               
   5910.0   0.310212               
   5911.0   0.298878               
   5912.0   0.289829               
   5913.0   0.27822199999999997    
   5914.0   0.266888               
   5915.0   0.255189               
   5916.0   0.246597               
   5917.0   0.23562899999999998    
   5918.0   0.225941               
   5919.0   0.217715               
   5920.0   0.205741               
   5921.0   0.198795               
   5922.0   0.190569               
   5923.0   0.18289100000000003    
   5924.0   0.175488               
   5925.0   0.17037                
   5926.0   0.163423               
   5927.0   0.156111               
   5928.0   0.15081                
   5929.0   0.145966               
   5930.0   0.14103                
   5931.0   0.136552               
   5932.0   0.131068               
   5933.0   0.123847               
   5934.0   0.11882                
   5935.0   0.114433               
   5936.0   0.111142               
   5937.0   0.10547599999999999    
   5938.0   0.10108800000000001    
   5939.0   0.09752380000000001    
   5940.0   0.0935936              
   5941.0   0.0895903              
   5942.0   0.0869123              
   5943.0   0.0828998              
   5944.0   0.0788782              
   5945.0   0.076648               
   5946.0   0.0727453              
   5947.0   0.0695097              
   5948.0   0.06638379999999999    
   5949.0   0.06549719999999999    
   5950.0   0.0618138              
   5951.0   0.0595837              
   5952.0   0.056905599999999994   
   5953.0   0.0546663              
   5954.0   0.052774400000000006   
   5955.0   0.050096299999999996   
   5956.0   0.0478662              
   5957.0   0.04485                
   5958.0   0.0440731              
   5959.0   0.0424005              
   5960.0   0.0407278              
   5961.0   0.038269199999999996   
   5962.0   0.0369347              
   5963.0   0.0361487              
   5964.0   0.035810499999999995   
   5965.0   0.0344761              
   5966.0   0.032575               
   5967.0   0.0309023              
   5968.0   0.029010400000000002   
   5969.0   0.0269996              
   5970.0   0.0256651              
   5971.0   0.023763999999999997   
   5972.0   0.0217532              
   5973.0   0.0207569              
   5974.0   0.0199709              
   5975.0   0.019751499999999998   
   5976.0   0.0193037              
   5977.0   0.0189655              
   5978.0   0.0181886              
   5979.0   0.0174026              
   5980.0   0.0170735              
   5981.0   0.015958399999999998   
   5982.0   0.015510600000000001   
   5983.0   0.0147245              
   5984.0   0.0139476              
   5985.0   0.0139476              
   5986.0   0.0139476              
   5987.0   0.0134998              
   5988.0   0.0131616              
   5989.0   0.0139476              
   5990.0   0.0131616              
   5991.0   0.0123847              
   5992.0   0.0120465              
   5993.0   0.0120465              
   5994.0   0.0112696              
   5995.0   0.0104836              
   5996.0   0.009597               
   5997.0   0.00881462             
   5998.0   0.00847918             
   5999.0   0.00803315             
   6000.0   0.007698620000000001   
   6001.0   0.0073641              
   6002.0   0.00702866             
   6003.0   0.00702866             
   6004.0   0.007475610000000001   
   6005.0   0.00702866             
   6006.0   0.0069171499999999995  
   6007.0   0.006582630000000001   
   6008.0   0.00647112             
   6009.0   0.0060250899999999994  
   6010.0   0.005913580000000001   
   6011.0   0.005913580000000001   
   6012.0   0.00479759             
   6013.0   0.00479759             
   6014.0   0.00446306             
   6015.0   0.00446306             
   6016.0   0.0037930999999999998  
   6017.0   0.0037930999999999998  
   6018.0   0.0037930999999999998  
   6019.0   0.0037930999999999998  
   6020.0   0.00457457             
   6021.0   0.00457457             
   6022.0   0.00490909             
   6023.0   0.00457457             
   6024.0   0.00490909             
   6025.0   0.0037930999999999998  
   6026.0   0.0031240499999999997  
   6027.0   0.00278953             
   6028.0   0.00234258             
   6029.0   0.0016735300000000001  
   6030.0   0.0013390099999999999  
   6031.0   0.0013390099999999999  
   6032.0   0.00100449             
   6033.0   0.00100449             
   6034.0   0.0016735300000000001  
   6035.0   0.0013390099999999999  
   6036.0   0.0013390099999999999  
   6037.0   0.0013390099999999999  
   6038.0   0.0013390099999999999  
   6039.0   0.0013390099999999999  
   6040.0   0.0013390099999999999  
   6041.0   0.0016735300000000001  
   6042.0   0.00100449             
   6043.0   0.00211957             
   6044.0   0.0017850399999999999  
   6045.0   0.0017850399999999999  
   6046.0   0.0014505199999999998  
   6047.0   0.0014505199999999998  
   6048.0   0.0014505199999999998  
   6049.0   0.00111599             
   6050.0   0.00223107             
   6051.0   0.0014505199999999998  
   6052.0   0.0017850399999999999  
   6053.0   0.0017850399999999999  
   6054.0   0.0017850399999999999  
   6055.0   0.00211957             
   6056.0   0.0017850399999999999  
   6057.0   0.0017850399999999999  
   6058.0   6.69048E-4             
   6059.0   6.69048E-4             
   6061.0   3.34524E-4             
   6062.0   3.34524E-4             
   6064.0   3.34524E-4             
   6072.5   3.34524E-4             
   6073.5   3.34524E-4             
   6079.0   3.34524E-4             
   6080.5   4.46032E-4             
   6084.0   6.69048E-4             
